Cropland,Golf Course,Saltwater Sandy Beach,cemetary,commercial,crop_land,forest,high_density_residential,industrial,low_density_residential,marina,medium_density_residential,mining,open_land,recreational,transitional,transportation,urban_public/institutional,waste,water,wetland
0.0,0.0,0.0,0.0,0.96,0.0,0.04,0.0,0.0,0.0,0.0,0.0,0.0,0.0,0.0,0.0,0.0,0.0,0.0,0.0,0.0
0.0,0.0,0.0,0.0,0.23,0.0,0.19,0.0,0.06,0.0,0.0,0.0,0.0,0.0,0.21,0.0,0.0,0.32,0.0,0.0,0.0
0.0,0.0,0.0,0.0,0.0,0.0,0.08,0.77,0.0,0.0,0.0,0.0,0.0,0.0,0.21,0.0,0.0,0.09,0.0,0.0,0.0
0.0,0.0,0.0,0.0,0.0,0.0,0.0,1.0,0.0,0.0,0.0,0.0,0.0,0.0,0.0,0.0,0.0,0.04,0.0,0.0,0.0
0.0,0.0,0.0,0.44,0.0,0.0,0.03,0.56,0.0,0.0,0.0,0.0,0.0,0.0,0.0,0.0,0.0,0.0,0.0,0.0,0.0
0.0,0.0,0.0,0.93,0.0,0.0,0.04,0.0,0.0,0.0,0.0,0.0,0.0,0.0,0.0,0.0,0.0,0.03,0.0,0.0,0.0
0.0,0.0,0.0,0.8,0.0,0.0,0.03,0.12,0.0,0.0,0.0,0.0,0.0,0.0,0.0,0.0,0.0,0.0,0.0,0.0,0.0
0.0,0.0,0.0,0.0,0.0,0.0,0.07,0.91,0.0,0.0,0.0,0.0,0.0,0.0,0.0,0.0,0.0,0.02,0.0,0.0,0.0
0.0,0.0,0.0,0.0,0.04,0.0,0.0,1.0,0.0,0.0,0.0,0.0,0.0,0.0,0.0,0.0,0.0,0.0,0.0,0.0,0.0
0.0,0.0,0.0,0.0,0.0,0.0,0.0,0.9,0.0,0.0,0.0,0.01,0.0,0.0,0.0,0.0,0.0,0.0,0.0,0.0,0.0
0.0,0.0,0.0,0.0,0.0,0.0,0.0,0.63,0.0,0.0,0.0,0.0,0.0,0.0,0.01,0.0,0.0,0.05,0.0,0.0,0.0
0.0,0.0,0.0,0.0,0.0,0.0,0.03,0.92,0.0,0.0,0.0,0.0,0.0,0.0,0.0,0.0,0.0,0.0,0.0,0.0,0.0
0.0,0.0,0.0,0.0,0.0,0.0,0.01,0.99,0.0,0.0,0.0,0.0,0.0,0.0,0.0,0.0,0.0,0.0,0.0,0.0,0.0
0.0,0.0,0.0,0.0,0.05,0.0,0.0,0.68,0.0,0.0,0.0,0.0,0.0,0.0,0.0,0.0,0.0,0.0,0.0,0.0,0.0
0.0,0.0,0.0,0.0,0.0,0.0,0.11,0.39,0.0,0.0,0.0,0.0,0.0,0.04,0.0,0.0,0.0,0.02,0.0,0.0,0.1
0.0,0.0,0.0,0.0,0.0,0.0,0.48,0.31,0.0,0.0,0.0,0.0,0.0,0.0,0.14,0.0,0.0,0.0,0.0,0.0,0.0
0.0,0.0,0.0,0.0,0.0,0.0,0.21,0.11,0.0,0.0,0.0,0.0,0.0,0.0,0.36,0.0,0.06,0.0,0.0,0.0,0.0
0.0,0.0,0.0,0.0,0.12,0.0,0.0,0.08,0.06,0.0,0.0,0.0,0.0,0.0,0.0,0.0,0.04,0.01,0.0,0.0,0.0
0.0,0.0,0.0,0.1,0.0,0.0,0.01,0.51,0.0,0.0,0.0,0.0,0.0,0.0,0.0,0.0,0.0,0.08,0.0,0.0,0.0
0.0,0.0,0.0,0.95,0.0,0.0,0.0,0.02,0.0,0.0,0.0,0.0,0.0,0.0,0.0,0.0,0.0,0.03,0.0,0.0,0.0
0.0,0.0,0.0,0.98,0.0,0.0,0.02,0.0,0.0,0.0,0.0,0.0,0.0,0.0,0.0,0.0,0.0,0.02,0.0,0.05,0.0
0.0,0.0,0.0,0.35,0.0,0.0,0.28,0.0,0.0,0.0,0.0,0.0,0.0,0.0,0.0,0.0,0.05,0.37,0.0,0.0,0.0
0.0,0.0,0.0,0.06,0.0,0.12,0.53,0.0,0.0,0.0,0.0,0.0,0.0,0.0,0.0,0.17,0.06,0.11,0.0,0.0,0.01
0.0,0.0,0.0,0.0,0.03,0.0,0.17,0.32,0.0,0.0,0.0,0.0,0.0,0.0,0.05,0.24,0.0,0.2,0.0,0.0,0.0
0.0,0.0,0.0,0.0,0.01,0.0,0.0,0.04,0.0,0.0,0.0,0.0,0.0,0.0,0.72,0.0,0.0,0.23,0.0,0.0,0.0
0.0,0.0,0.0,0.0,0.03,0.0,0.0,0.03,0.0,0.0,0.0,0.0,0.0,0.0,0.58,0.0,0.0,0.17,0.0,0.0,0.0
0.0,0.0,0.0,0.0,0.09,0.0,0.0,0.36,0.06,0.0,0.0,0.0,0.0,0.03,0.0,0.0,0.05,0.03,0.0,0.0,0.0
0.0,0.0,0.0,0.0,0.1,0.0,0.03,0.22,0.0,0.0,0.0,0.0,0.0,0.05,0.0,0.0,0.0,0.04,0.0,0.0,0.0
0.0,0.0,0.0,0.0,0.12,0.0,0.0,0.41,0.0,0.0,0.0,0.04,0.0,0.0,0.0,0.0,0.0,0.01,0.0,0.0,0.0
0.0,0.0,0.0,0.0,0.04,0.0,0.02,0.14,0.0,0.0,0.0,0.0,0.0,0.0,0.0,0.0,0.0,0.26,0.0,0.0,0.0
0.0,0.0,0.0,0.0,0.0,0.0,0.0,0.2,0.0,0.0,0.0,0.0,0.0,0.0,0.03,0.05,0.0,0.04,0.0,0.0,0.0
0.0,0.0,0.0,0.0,0.11,0.0,0.0,0.19,0.0,0.0,0.0,0.0,0.0,0.0,0.0,0.05,0.0,0.01,0.0,0.0,0.0
0.0,0.0,0.0,0.0,0.41,0.0,0.01,0.27,0.0,0.0,0.0,0.01,0.0,0.0,0.02,0.0,0.07,0.04,0.0,0.0,0.0
0.0,0.0,0.26,0.0,0.11,0.0,0.0,0.01,0.29,0.0,0.0,0.0,0.0,0.0,0.12,0.0,0.5,0.0,0.0,0.01,0.02
0.0,0.0,0.05,0.0,0.22,0.01,0.0,0.02,0.13,0.0,0.08,0.0,0.0,0.0,0.0,0.0,0.0,0.0,0.0,0.49,0.0
0.0,0.0,0.08,0.0,0.0,0.0,0.0,0.0,0.36,0.0,0.0,0.0,0.0,0.04,0.0,0.0,0.0,0.0,0.0,0.51,0.01
0.0,0.0,0.01,0.0,0.0,0.0,0.16,0.07,0.28,0.0,0.0,0.0,0.0,0.06,0.0,0.0,0.05,0.23,0.0,0.0,0.12
0.0,0.0,0.0,0.0,0.0,0.0,0.03,0.02,0.0,0.0,0.0,0.0,0.0,0.09,0.0,0.0,0.0,0.0,0.0,0.0,0.79
0.0,0.0,0.0,0.0,0.0,0.0,0.0,0.0,0.0,0.0,0.0,0.0,0.0,0.24,0.0,0.0,0.0,0.0,0.0,0.01,0.76
0.0,0.0,0.11,0.0,0.0,0.0,0.0,0.39,0.0,0.0,0.0,0.02,0.0,0.0,0.0,0.0,0.0,0.0,0.0,0.0,0.5
0.0,0.0,0.04,0.0,0.0,0.0,0.0,0.94,0.0,0.0,0.0,0.02,0.0,0.0,0.0,0.0,0.0,0.0,0.0,0.0,0.0
0.0,0.0,0.17,0.0,0.0,0.0,0.0,0.29,0.0,0.0,0.0,0.0,0.0,0.0,0.0,0.0,0.0,0.0,0.0,0.0,0.0
0.0,0.0,0.0,0.0,0.0,0.0,0.0,0.0,0.0,0.0,0.0,0.0,0.0,0.0,0.0,0.0,0.0,0.0,0.0,0.0,0.0
0.0,0.0,0.0,0.0,0.0,0.0,0.0,0.0,0.0,0.0,0.0,0.0,0.0,0.0,0.0,0.0,0.0,0.0,0.0,0.0,0.0
0.0,0.0,0.0,0.0,0.0,0.0,0.0,0.0,0.0,0.0,0.0,0.0,0.0,0.0,0.0,0.0,0.0,0.0,0.0,0.0,0.0
0.0,0.0,0.0,0.0,0.0,0.0,0.0,0.0,0.0,0.0,0.0,0.0,0.0,0.0,0.0,0.0,0.0,0.0,0.0,0.0,0.0
0.0,0.0,0.0,0.0,0.0,0.0,0.0,0.0,0.0,0.0,0.0,0.0,0.0,0.0,0.0,0.0,0.0,0.0,0.0,0.0,0.0
0.0,0.0,0.0,0.0,0.0,0.0,0.0,0.0,0.0,0.0,0.0,0.0,0.0,0.0,0.0,0.0,0.0,0.0,0.0,0.0,0.0
0.0,0.0,0.0,0.0,0.0,0.0,0.0,0.0,0.0,0.0,0.0,0.0,0.0,0.0,0.0,0.0,0.0,0.0,0.0,0.0,0.0
0.0,0.0,0.0,0.0,0.0,0.0,0.0,0.0,0.0,0.0,0.0,0.0,0.0,0.0,0.0,0.0,0.0,0.0,0.0,0.0,0.0
0.0,0.0,0.0,0.0,0.82,0.0,0.13,0.0,0.01,0.0,0.0,0.0,0.0,0.0,0.0,0.0,0.0,0.0,0.0,0.0,0.04
0.0,0.0,0.0,0.0,0.09,0.0,0.12,0.01,0.05,0.0,0.0,0.0,0.0,0.0,0.26,0.0,0.0,0.73,0.0,0.0,0.0
0.0,0.0,0.0,0.0,0.0,0.0,0.29,0.23,0.0,0.0,0.0,0.0,0.0,0.0,0.0,0.0,0.0,0.31,0.0,0.08,0.08
0.0,0.0,0.0,0.0,0.0,0.0,0.04,0.99,0.0,0.0,0.0,0.0,0.0,0.0,0.0,0.0,0.0,0.0,0.0,0.0,0.0
0.0,0.0,0.0,0.03,0.0,0.0,0.02,0.65,0.0,0.0,0.0,0.21,0.0,0.0,0.06,0.0,0.0,0.05,0.0,0.0,0.0
0.0,0.0,0.0,0.78,0.0,0.0,0.0,0.01,0.0,0.0,0.0,0.16,0.0,0.0,0.05,0.0,0.0,0.0,0.0,0.0,0.0
0.0,0.0,0.0,0.49,0.0,0.0,0.32,0.06,0.0,0.0,0.0,0.0,0.0,0.0,0.0,0.0,0.0,0.06,0.0,0.0,0.02
0.0,0.0,0.0,0.26,0.0,0.0,0.44,0.25,0.0,0.0,0.0,0.0,0.0,0.0,0.0,0.0,0.0,0.0,0.0,0.0,0.05
0.0,0.0,0.0,0.0,0.0,0.0,0.29,0.52,0.0,0.0,0.0,0.0,0.0,0.0,0.0,0.0,0.0,0.0,0.0,0.0,0.19
0.0,0.0,0.0,0.0,0.29,0.0,0.06,0.55,0.0,0.0,0.0,0.0,0.0,0.0,0.0,0.0,0.0,0.0,0.0,0.0,0.05
0.0,0.0,0.0,0.0,0.03,0.0,0.0,0.57,0.0,0.0,0.0,0.0,0.0,0.0,0.3,0.0,0.0,0.0,0.0,0.0,0.0
0.0,0.0,0.0,0.0,0.0,0.0,0.09,0.88,0.0,0.0,0.0,0.0,0.0,0.02,0.0,0.0,0.0,0.0,0.0,0.0,0.0
0.0,0.0,0.0,0.0,0.0,0.0,0.73,0.27,0.0,0.0,0.0,0.0,0.0,0.0,0.0,0.0,0.0,0.0,0.0,0.0,0.0
0.0,0.0,0.0,0.0,0.05,0.0,0.22,0.73,0.0,0.0,0.0,0.0,0.0,0.0,0.0,0.0,0.0,0.0,0.0,0.0,0.0
0.0,0.0,0.0,0.0,0.01,0.0,0.17,0.41,0.0,0.0,0.0,0.0,0.0,0.0,0.0,0.0,0.0,0.41,0.0,0.0,0.04
0.0,0.0,0.0,0.0,0.0,0.0,0.53,0.04,0.0,0.0,0.0,0.0,0.0,0.0,0.37,0.0,0.0,0.09,0.0,0.0,0.0
0.0,0.0,0.0,0.0,0.0,0.0,0.66,0.01,0.01,0.0,0.0,0.0,0.0,0.0,0.3,0.0,0.02,0.0,0.0,0.0,0.0
0.0,0.0,0.0,0.0,0.11,0.0,0.15,0.03,0.28,0.0,0.0,0.01,0.0,0.09,0.0,0.0,0.12,0.04,0.0,0.0,0.0
0.0,0.0,0.0,0.0,0.03,0.0,0.2,0.09,0.0,0.0,0.0,0.0,0.0,0.0,0.06,0.0,0.1,0.17,0.0,0.0,0.0
0.0,0.0,0.0,0.69,0.0,0.0,0.3,0.01,0.0,0.0,0.0,0.0,0.0,0.0,0.0,0.0,0.0,0.0,0.0,0.02,0.0
0.0,0.0,0.0,0.89,0.0,0.0,0.2,0.0,0.0,0.0,0.0,0.0,0.0,0.0,0.0,0.0,0.0,0.0,0.0,0.05,0.0
0.0,0.0,0.0,0.92,0.0,0.0,0.08,0.0,0.0,0.0,0.0,0.0,0.0,0.0,0.0,0.0,0.0,0.0,0.0,0.0,0.0
0.0,0.03,0.0,0.07,0.0,0.14,0.5,0.0,0.0,0.0,0.0,0.0,0.0,0.0,0.09,0.0,0.0,0.06,0.0,0.0,0.03
0.0,0.01,0.0,0.0,0.0,0.0,0.23,0.05,0.0,0.0,0.0,0.0,0.0,0.0,0.04,0.0,0.0,0.67,0.0,0.0,0.0
0.0,0.0,0.0,0.0,0.18,0.0,0.0,0.03,0.07,0.0,0.0,0.0,0.0,0.0,0.08,0.0,0.0,0.25,0.0,0.0,0.0
0.0,0.0,0.0,0.0,0.08,0.0,0.0,0.13,0.0,0.0,0.0,0.0,0.0,0.0,0.0,0.0,0.0,0.15,0.0,0.0,0.0
0.0,0.0,0.0,0.0,0.02,0.0,0.0,0.18,0.0,0.0,0.0,0.0,0.0,0.03,0.0,0.0,0.03,0.06,0.0,0.0,0.0
0.0,0.0,0.0,0.0,0.24,0.0,0.0,0.17,0.0,0.0,0.0,0.01,0.0,0.05,0.0,0.0,0.0,0.07,0.0,0.0,0.0
0.0,0.0,0.0,0.0,0.0,0.0,0.0,0.69,0.0,0.0,0.0,0.0,0.0,0.04,0.0,0.0,0.0,0.01,0.0,0.0,0.0
0.0,0.0,0.0,0.0,0.08,0.0,0.0,0.53,0.0,0.0,0.0,0.04,0.0,0.0,0.02,0.0,0.0,0.03,0.0,0.0,0.0
0.0,0.0,0.0,0.0,0.11,0.0,0.0,0.19,0.0,0.0,0.0,0.0,0.0,0.01,0.0,0.0,0.0,0.05,0.0,0.0,0.0
0.0,0.0,0.0,0.0,0.17,0.0,0.0,0.23,0.0,0.0,0.0,0.0,0.0,0.0,0.05,0.0,0.0,0.09,0.0,0.0,0.0
0.0,0.0,0.0,0.0,0.4,0.0,0.0,0.08,0.0,0.0,0.0,0.0,0.0,0.06,0.14,0.0,0.56,0.14,0.0,0.0,0.0
0.0,0.0,0.41,0.0,0.09,0.0,0.0,0.0,0.0,0.0,0.0,0.0,0.0,0.01,0.05,0.0,0.3,0.0,0.0,0.29,0.03
0.0,0.0,0.49,0.0,0.0,0.0,0.0,0.0,0.0,0.0,0.0,0.0,0.0,0.0,0.0,0.0,0.0,0.0,0.0,0.51,0.0
0.0,0.0,0.34,0.0,0.0,0.0,0.0,0.0,0.48,0.0,0.0,0.0,0.0,0.05,0.0,0.0,0.0,0.0,0.0,0.08,0.04
0.0,0.0,0.0,0.0,0.0,0.0,0.0,0.23,0.38,0.0,0.14,0.0,0.0,0.03,0.0,0.0,0.0,0.21,0.0,0.01,0.0
0.0,0.0,0.0,0.0,0.0,0.0,0.0,0.59,0.0,0.0,0.0,0.0,0.0,0.01,0.0,0.0,0.0,0.0,0.0,0.0,0.39
0.0,0.0,0.17,0.0,0.0,0.0,0.0,0.14,0.0,0.0,0.0,0.0,0.0,0.09,0.0,0.0,0.0,0.0,0.0,0.0,0.6
0.0,0.0,0.0,0.0,0.0,0.0,0.0,0.57,0.0,0.0,0.0,0.0,0.0,0.0,0.0,0.0,0.0,0.03,0.0,0.0,0.4
0.0,0.0,0.0,0.0,0.0,0.0,0.0,1.0,0.0,0.0,0.0,0.0,0.0,0.0,0.0,0.0,0.0,0.0,0.0,0.0,0.0
0.0,0.0,0.12,0.0,0.0,0.0,0.0,0.7,0.0,0.07,0.0,0.1,0.0,0.0,0.0,0.0,0.0,0.0,0.0,0.0,0.0
0.0,0.0,0.03,0.0,0.0,0.0,0.0,0.0,0.0,0.0,0.0,0.0,0.0,0.0,0.0,0.0,0.0,0.0,0.0,0.0,0.0
0.0,0.0,0.0,0.0,0.0,0.0,0.0,0.0,0.0,0.0,0.0,0.0,0.0,0.0,0.0,0.0,0.0,0.0,0.0,0.0,0.0
0.0,0.0,0.0,0.0,0.0,0.0,0.0,0.0,0.0,0.0,0.0,0.0,0.0,0.0,0.0,0.0,0.0,0.0,0.0,0.0,0.0
0.0,0.0,0.0,0.0,0.0,0.0,0.0,0.0,0.0,0.0,0.0,0.0,0.0,0.0,0.0,0.0,0.0,0.0,0.0,0.0,0.0
0.0,0.0,0.0,0.0,0.0,0.0,0.0,0.0,0.0,0.0,0.0,0.0,0.0,0.0,0.0,0.0,0.0,0.0,0.0,0.0,0.0
0.0,0.0,0.0,0.0,0.0,0.0,0.0,0.0,0.0,0.0,0.0,0.0,0.0,0.0,0.0,0.0,0.0,0.0,0.0,0.0,0.0
0.0,0.0,0.0,0.0,0.0,0.0,0.0,0.0,0.0,0.0,0.0,0.0,0.0,0.0,0.0,0.0,0.0,0.0,0.0,0.0,0.0
0.0,0.0,0.0,0.0,0.0,0.0,0.0,0.0,0.0,0.0,0.0,0.0,0.0,0.0,0.0,0.0,0.0,0.0,0.0,0.0,0.0
0.0,0.0,0.0,0.0,0.0,0.0,0.73,0.16,0.0,0.15,0.0,0.0,0.0,0.0,0.0,0.0,0.0,0.0,0.0,0.0,0.31
0.0,0.32,0.0,0.0,0.0,0.0,0.27,0.18,0.0,0.0,0.0,0.0,0.0,0.0,0.0,0.0,0.0,0.03,0.0,0.0,0.07
0.0,0.56,0.0,0.0,0.0,0.0,0.28,0.0,0.0,0.0,0.0,0.13,0.0,0.0,0.0,0.0,0.0,0.0,0.0,0.0,0.1
0.0,0.0,0.0,0.0,0.0,0.0,0.04,0.21,0.0,0.0,0.0,0.75,0.0,0.0,0.0,0.0,0.0,0.02,0.0,0.0,0.0
0.0,0.0,0.0,0.0,0.0,0.0,0.0,0.07,0.0,0.0,0.0,0.93,0.0,0.0,0.0,0.0,0.0,0.01,0.0,0.0,0.0
0.0,0.0,0.0,0.08,0.0,0.0,0.27,0.01,0.0,0.0,0.0,0.58,0.0,0.0,0.0,0.0,0.0,0.08,0.0,0.0,0.01
0.0,0.0,0.0,0.5,0.0,0.0,0.32,0.17,0.0,0.0,0.0,0.0,0.0,0.0,0.0,0.0,0.0,0.0,0.0,0.0,0.01
0.0,0.0,0.0,0.78,0.0,0.0,0.15,0.0,0.0,0.0,0.0,0.0,0.0,0.0,0.0,0.0,0.0,0.0,0.0,0.0,0.07
0.0,0.0,0.0,0.01,0.0,0.0,0.68,0.0,0.0,0.0,0.0,0.0,0.0,0.07,0.0,0.0,0.0,0.0,0.0,0.0,0.24
0.0,0.0,0.0,0.0,0.09,0.0,0.06,0.83,0.0,0.0,0.0,0.0,0.0,0.0,0.0,0.0,0.0,0.0,0.0,0.0,0.05
0.0,0.0,0.0,0.0,0.0,0.0,0.13,0.62,0.0,0.0,0.0,0.0,0.0,0.0,0.0,0.0,0.0,0.08,0.0,0.0,0.0
0.0,0.0,0.0,0.0,0.0,0.0,0.19,0.97,0.0,0.0,0.0,0.0,0.0,0.02,0.0,0.0,0.0,0.1,0.0,0.0,0.0
0.0,0.0,0.0,0.0,0.0,0.0,0.51,0.54,0.0,0.0,0.0,0.0,0.0,0.0,0.0,0.0,0.0,0.0,0.0,0.0,0.01
0.0,0.0,0.0,0.0,0.0,0.0,0.93,0.05,0.0,0.0,0.0,0.0,0.0,0.0,0.0,0.0,0.0,0.0,0.0,0.01,0.02
0.0,0.0,0.0,0.0,0.24,0.0,0.7,0.03,0.0,0.0,0.0,0.0,0.0,0.0,0.0,0.0,0.0,0.22,0.0,0.0,0.04
0.0,0.0,0.0,0.0,0.05,0.0,0.99,0.01,0.0,0.0,0.0,0.0,0.0,0.1,0.04,0.0,0.0,0.34,0.0,0.0,0.0
0.0,0.0,0.0,0.0,0.0,0.0,1.0,0.0,0.0,0.0,0.0,0.0,0.0,0.19,0.03,0.0,0.0,0.0,0.0,0.0,0.02
0.0,0.0,0.0,0.0,0.0,0.0,0.6,0.0,0.07,0.0,0.0,0.0,0.0,0.21,0.0,0.0,0.02,0.0,0.0,0.0,0.1
0.0,0.0,0.0,0.0,0.02,0.0,0.02,0.02,0.0,0.0,0.0,0.0,0.0,0.07,0.02,0.0,0.4,0.0,0.0,0.0,0.01
0.0,0.0,0.0,0.06,0.0,0.27,0.25,0.05,0.0,0.0,0.0,0.0,0.0,0.0,0.0,0.0,0.0,0.01,0.0,0.0,0.0
0.0,0.0,0.0,0.4,0.0,0.03,0.8,0.01,0.0,0.0,0.0,0.0,0.0,0.0,0.0,0.0,0.0,0.0,0.0,0.0,0.0
0.0,0.0,0.0,0.14,0.0,0.0,0.69,0.0,0.0,0.0,0.0,0.0,0.0,0.0,0.0,0.0,0.0,0.22,0.0,0.05,0.0
0.0,0.28,0.0,0.0,0.0,0.0,0.53,0.0,0.0,0.0,0.0,0.0,0.0,0.0,0.0,0.0,0.0,0.0,0.0,0.17,0.02
0.0,0.56,0.0,0.0,0.0,0.0,0.32,0.04,0.0,0.0,0.0,0.0,0.0,0.0,0.0,0.0,0.0,0.07,0.0,0.0,0.01
0.0,0.0,0.0,0.0,0.04,0.0,0.26,0.07,0.0,0.0,0.0,0.0,0.0,0.0,0.0,0.0,0.0,0.09,0.0,0.0,0.0
0.0,0.0,0.0,0.0,0.0,0.0,0.01,0.06,0.0,0.0,0.0,0.0,0.0,0.0,0.0,0.0,0.0,0.2,0.0,0.0,0.0
0.0,0.0,0.0,0.0,0.03,0.0,0.0,0.27,0.0,0.0,0.0,0.0,0.0,0.0,0.01,0.0,0.07,0.14,0.0,0.0,0.0
0.0,0.0,0.0,0.0,0.05,0.0,0.0,0.26,0.02,0.0,0.0,0.0,0.0,0.0,0.08,0.0,0.0,0.05,0.0,0.0,0.0
0.0,0.0,0.0,0.0,0.03,0.0,0.0,0.42,0.0,0.0,0.0,0.0,0.0,0.0,0.0,0.0,0.02,0.0,0.0,0.0,0.0
0.0,0.0,0.0,0.0,0.2,0.0,0.0,0.25,0.0,0.0,0.0,0.0,0.0,0.0,0.23,0.0,0.0,0.0,0.0,0.0,0.0
0.0,0.0,0.0,0.0,0.36,0.0,0.0,0.23,0.02,0.0,0.0,0.01,0.0,0.01,0.0,0.0,0.0,0.05,0.0,0.0,0.0
0.0,0.0,0.0,0.0,0.41,0.0,0.01,0.12,0.1,0.0,0.0,0.0,0.0,0.0,0.0,0.0,0.25,0.07,0.0,0.0,0.0
0.0,0.0,0.0,0.0,0.58,0.0,0.0,0.18,0.02,0.0,0.0,0.0,0.0,0.06,0.0,0.0,0.92,0.0,0.0,0.0,0.02
0.0,0.0,0.5,0.0,0.0,0.0,0.0,0.0,0.0,0.0,0.01,0.0,0.0,0.19,0.0,0.0,0.03,0.0,0.0,0.46,0.04
0.0,0.0,0.91,0.0,0.0,0.0,0.0,0.0,0.0,0.0,0.0,0.0,0.0,0.07,0.0,0.0,0.0,0.0,0.0,0.02,0.02
0.0,0.0,0.06,0.0,0.0,0.0,0.0,0.0,0.0,0.0,0.0,0.0,0.0,0.2,0.0,0.0,0.0,0.11,0.0,0.05,0.02
0.0,0.0,0.0,0.0,0.34,0.0,0.0,0.17,0.02,0.0,0.23,0.0,0.0,0.19,0.0,0.0,0.0,0.0,0.0,0.05,0.0
0.0,0.0,0.03,0.0,0.16,0.0,0.0,0.73,0.0,0.0,0.0,0.0,0.0,0.0,0.0,0.0,0.0,0.0,0.0,0.0,0.1
0.0,0.0,0.74,0.0,0.0,0.0,0.0,0.0,0.0,0.0,0.0,0.0,0.0,0.0,0.0,0.0,0.0,0.0,0.0,0.0,0.18
0.0,0.0,0.16,0.0,0.08,0.0,0.0,0.49,0.0,0.0,0.0,0.0,0.0,0.0,0.0,0.0,0.0,0.01,0.0,0.0,0.0
0.0,0.0,0.0,0.0,0.0,0.0,0.0,1.0,0.0,0.0,0.0,0.0,0.0,0.0,0.16,0.0,0.0,0.17,0.0,0.0,0.0
0.0,0.0,0.16,0.0,0.0,0.0,0.0,0.7,0.0,0.0,0.0,0.01,0.0,0.0,0.0,0.0,0.0,0.01,0.0,0.0,0.0
0.0,0.0,0.22,0.0,0.0,0.0,0.0,0.0,0.0,0.0,0.0,0.0,0.0,0.0,0.0,0.0,0.0,0.0,0.0,0.0,0.0
0.0,0.0,0.0,0.0,0.0,0.0,0.0,0.0,0.0,0.0,0.0,0.0,0.0,0.0,0.0,0.0,0.0,0.0,0.0,0.0,0.0
0.0,0.0,0.0,0.0,0.0,0.0,0.0,0.0,0.0,0.0,0.0,0.0,0.0,0.0,0.0,0.0,0.0,0.0,0.0,0.0,0.0
0.0,0.0,0.0,0.0,0.0,0.0,0.0,0.0,0.0,0.0,0.0,0.0,0.0,0.0,0.0,0.0,0.0,0.0,0.0,0.0,0.0
0.0,0.0,0.0,0.0,0.0,0.0,0.0,0.0,0.0,0.0,0.0,0.0,0.0,0.0,0.0,0.0,0.0,0.0,0.0,0.0,0.0
0.0,0.0,0.0,0.0,0.0,0.0,0.0,0.0,0.0,0.0,0.0,0.0,0.0,0.0,0.0,0.0,0.0,0.0,0.0,0.0,0.0
0.0,0.0,0.0,0.0,0.0,0.0,0.0,0.0,0.0,0.0,0.0,0.0,0.0,0.0,0.0,0.0,0.0,0.0,0.0,0.0,0.0
0.0,0.0,0.0,0.0,0.0,0.0,0.0,0.0,0.0,0.0,0.0,0.0,0.0,0.0,0.0,0.0,0.0,0.0,0.0,0.0,0.0
0.0,0.03,0.0,0.0,0.0,0.0,0.92,0.41,0.0,0.03,0.0,0.0,0.0,0.0,0.0,0.0,0.0,0.0,0.0,0.0,0.05
0.0,0.31,0.0,0.0,0.0,0.0,0.7,0.06,0.0,0.0,0.0,0.0,0.0,0.0,0.0,0.0,0.0,0.0,0.0,0.0,0.01
0.0,0.53,0.0,0.0,0.0,0.0,0.27,0.01,0.0,0.0,0.0,0.15,0.0,0.0,0.0,0.0,0.0,0.0,0.0,0.0,0.04
0.0,0.0,0.0,0.0,0.0,0.0,0.24,0.09,0.0,0.0,0.0,0.67,0.0,0.0,0.0,0.0,0.0,0.0,0.0,0.0,0.0
0.0,0.0,0.0,0.0,0.0,0.0,0.05,0.11,0.0,0.0,0.0,0.81,0.0,0.0,0.08,0.0,0.0,0.01,0.0,0.0,0.04
0.0,0.0,0.0,0.0,0.0,0.0,0.14,0.39,0.0,0.0,0.0,0.35,0.0,0.0,0.0,0.0,0.0,0.12,0.0,0.0,0.0
0.0,0.0,0.0,0.11,0.0,0.0,0.48,0.09,0.0,0.0,0.0,0.0,0.0,0.0,0.0,0.0,0.0,0.0,0.0,0.0,0.06
0.0,0.0,0.0,0.23,0.0,0.0,0.24,0.49,0.0,0.0,0.0,0.0,0.0,0.0,0.0,0.0,0.0,0.0,0.0,0.0,0.04
0.0,0.0,0.0,0.0,0.0,0.0,0.18,0.19,0.0,0.0,0.0,0.0,0.0,0.0,0.0,0.0,0.0,0.0,0.0,0.0,0.64
0.0,0.0,0.0,0.0,0.0,0.0,0.01,0.03,0.0,0.0,0.0,0.0,0.0,0.0,0.0,0.0,0.0,0.0,0.0,0.0,0.0
0.0,0.0,0.0,0.0,0.0,0.0,0.03,0.9,0.0,0.0,0.0,0.0,0.0,0.0,0.0,0.0,0.0,0.0,0.0,0.0,0.0
0.0,0.0,0.0,0.04,0.0,0.0,0.04,0.57,0.0,0.0,0.0,0.22,0.0,0.0,0.0,0.0,0.0,0.18,0.0,0.0,0.0
0.0,0.0,0.0,0.0,0.0,0.0,0.16,0.84,0.0,0.0,0.0,0.0,0.0,0.0,0.0,0.0,0.0,0.0,0.0,0.0,0.0
0.0,0.0,0.0,0.0,0.0,0.01,0.39,0.01,0.0,0.01,0.0,0.0,0.0,0.0,0.0,0.0,0.0,0.0,0.0,0.08,0.03
0.0,0.0,0.0,0.0,0.0,0.0,0.98,0.01,0.0,0.1,0.0,0.0,0.0,0.0,0.0,0.0,0.0,0.01,0.0,0.01,0.08
0.0,0.0,0.0,0.0,0.0,0.0,0.33,0.11,0.0,0.02,0.0,0.08,0.0,0.0,0.0,0.0,0.0,0.27,0.0,0.0,0.0
0.0,0.0,0.0,0.0,0.0,0.0,1.0,0.0,0.0,0.0,0.0,0.0,0.0,0.13,0.35,0.0,0.0,0.0,0.0,0.0,0.0
0.0,0.0,0.0,0.0,0.0,0.0,0.73,0.0,0.0,0.0,0.0,0.01,0.0,0.03,0.38,0.0,0.0,0.23,0.0,0.0,0.02
0.0,0.0,0.0,0.0,0.07,0.0,0.05,0.13,0.0,0.0,0.0,0.0,0.0,0.14,0.0,0.0,0.28,0.17,0.0,0.0,0.0
0.0,0.0,0.0,0.0,0.11,0.04,0.07,0.13,0.04,0.0,0.0,0.0,0.0,0.0,0.0,0.0,0.03,0.08,0.0,0.0,0.0
0.0,0.0,0.0,0.07,0.23,0.0,0.63,0.02,0.0,0.0,0.0,0.0,0.0,0.0,0.0,0.0,0.0,0.04,0.0,0.0,0.0
0.0,0.03,0.0,0.0,0.0,0.0,0.36,0.0,0.0,0.0,0.0,0.0,0.0,0.0,0.18,0.0,0.0,0.43,0.0,0.0,0.0
0.0,0.46,0.0,0.0,0.0,0.0,0.54,0.0,0.0,0.0,0.0,0.0,0.0,0.0,0.0,0.0,0.0,0.0,0.0,0.0,0.0
0.0,0.93,0.0,0.0,0.0,0.0,0.07,0.0,0.0,0.0,0.0,0.0,0.0,0.0,0.0,0.0,0.0,0.0,0.0,0.0,0.0
0.0,0.2,0.0,0.0,0.02,0.0,0.38,0.05,0.0,0.0,0.0,0.0,0.0,0.0,0.1,0.0,0.0,0.05,0.0,0.0,0.0
0.0,0.0,0.0,0.0,0.0,0.0,0.0,0.06,0.0,0.0,0.0,0.0,0.0,0.0,0.0,0.0,0.0,0.12,0.0,0.0,0.0
0.0,0.0,0.0,0.0,0.06,0.0,0.0,0.29,0.03,0.0,0.0,0.0,0.0,0.0,0.02,0.0,0.03,0.05,0.0,0.0,0.0
0.0,0.0,0.0,0.0,0.05,0.0,0.04,0.21,0.02,0.0,0.0,0.0,0.0,0.0,0.0,0.0,0.0,0.25,0.0,0.0,0.0
0.0,0.0,0.0,0.0,0.0,0.0,0.03,0.1,0.0,0.0,0.0,0.0,0.0,0.01,0.04,0.0,0.0,0.04,0.0,0.0,0.0
0.0,0.0,0.0,0.0,0.18,0.0,0.0,0.1,0.0,0.0,0.0,0.0,0.0,0.0,0.0,0.01,0.06,0.17,0.0,0.0,0.0
0.0,0.0,0.0,0.0,0.34,0.0,0.0,0.15,0.21,0.0,0.0,0.0,0.0,0.0,0.01,0.0,0.03,0.07,0.0,0.0,0.0
0.0,0.0,0.0,0.0,0.19,0.0,0.03,0.17,0.12,0.0,0.0,0.0,0.0,0.0,0.05,0.0,0.71,0.0,0.0,0.0,0.0
0.0,0.0,0.0,0.0,0.24,0.0,0.0,0.21,0.26,0.0,0.0,0.0,0.0,0.0,0.0,0.0,0.74,0.0,0.0,0.0,0.0
0.0,0.0,0.05,0.0,0.0,0.0,0.0,0.0,0.53,0.0,0.13,0.0,0.0,0.0,0.0,0.0,0.0,0.0,0.0,0.29,0.0
0.0,0.0,0.56,0.0,0.0,0.0,0.0,0.0,0.0,0.0,0.0,0.0,0.0,0.04,0.0,0.0,0.0,0.04,0.0,0.19,0.02
0.0,0.0,0.14,0.0,0.0,0.0,0.0,0.0,0.0,0.0,0.0,0.0,0.0,0.06,0.0,0.0,0.0,0.24,0.0,0.0,0.06
0.0,0.0,0.07,0.0,0.2,0.0,0.0,0.0,0.0,0.0,0.06,0.0,0.0,0.0,0.0,0.0,0.0,0.11,0.0,0.0,0.0
0.0,0.0,0.17,0.0,0.0,0.0,0.0,0.01,0.0,0.0,0.17,0.0,0.0,0.0,0.0,0.0,0.0,0.0,0.0,0.0,0.01
0.0,0.0,0.04,0.0,0.0,0.0,0.0,0.0,0.0,0.0,0.0,0.0,0.0,0.0,0.0,0.0,0.0,0.0,0.0,0.0,0.0
0.0,0.0,0.11,0.0,0.0,0.0,0.0,0.13,0.0,0.0,0.0,0.0,0.0,0.0,0.0,0.0,0.0,0.0,0.0,0.0,0.0
0.0,0.0,0.0,0.0,0.0,0.0,0.0,0.91,0.0,0.0,0.0,0.04,0.0,0.0,0.0,0.0,0.02,0.0,0.0,0.0,0.0
0.0,0.0,0.53,0.0,0.0,0.0,0.0,0.4,0.0,0.0,0.0,0.0,0.0,0.0,0.0,0.0,0.0,0.0,0.0,0.0,0.06
0.0,0.0,0.26,0.0,0.0,0.0,0.0,0.0,0.0,0.0,0.0,0.0,0.0,0.0,0.0,0.0,0.0,0.0,0.0,0.0,0.0
0.0,0.0,0.21,0.0,0.0,0.0,0.0,0.0,0.0,0.0,0.0,0.0,0.0,0.0,0.0,0.0,0.0,0.0,0.0,0.0,0.0
0.0,0.0,0.0,0.0,0.0,0.0,0.0,0.0,0.0,0.0,0.0,0.0,0.0,0.0,0.0,0.0,0.0,0.0,0.0,0.0,0.0
0.0,0.0,0.0,0.0,0.0,0.0,0.0,0.0,0.0,0.0,0.0,0.0,0.0,0.0,0.0,0.0,0.0,0.0,0.0,0.0,0.0
0.0,0.0,0.0,0.0,0.0,0.0,0.0,0.0,0.0,0.0,0.0,0.0,0.0,0.0,0.0,0.0,0.0,0.0,0.0,0.0,0.0
0.0,0.0,0.0,0.0,0.0,0.0,0.0,0.0,0.0,0.0,0.0,0.0,0.0,0.0,0.0,0.0,0.0,0.0,0.0,0.0,0.0
0.0,0.0,0.0,0.0,0.0,0.0,0.0,0.0,0.0,0.0,0.0,0.0,0.0,0.0,0.0,0.0,0.0,0.0,0.0,0.0,0.0
0.0,0.0,0.0,0.0,0.0,0.0,0.0,0.0,0.0,0.0,0.0,0.0,0.0,0.0,0.0,0.0,0.0,0.0,0.0,0.0,0.0
0.0,0.8,0.0,0.0,0.0,0.0,0.28,0.0,0.0,0.0,0.0,0.04,0.0,0.0,0.0,0.0,0.0,0.0,0.0,0.03,0.0
0.0,0.8,0.0,0.0,0.0,0.0,0.26,0.0,0.0,0.0,0.0,0.0,0.0,0.0,0.0,0.0,0.0,0.0,0.0,0.0,0.02
0.0,0.18,0.0,0.0,0.0,0.0,0.15,0.64,0.0,0.0,0.0,0.02,0.0,0.0,0.0,0.0,0.0,0.0,0.0,0.0,0.01
0.0,0.0,0.0,0.0,0.0,0.0,0.25,0.34,0.0,0.0,0.0,0.28,0.0,0.0,0.0,0.0,0.0,0.0,0.0,0.0,0.0
0.0,0.0,0.0,0.0,0.0,0.0,0.01,0.7,0.0,0.0,0.0,0.28,0.0,0.0,0.02,0.0,0.0,0.0,0.0,0.0,0.0
0.0,0.0,0.0,0.0,0.0,0.0,0.05,0.33,0.0,0.0,0.0,0.53,0.0,0.0,0.0,0.0,0.0,0.14,0.0,0.0,0.0
0.0,0.0,0.0,0.0,0.0,0.0,0.3,0.49,0.0,0.0,0.0,0.1,0.0,0.0,0.0,0.0,0.0,0.0,0.0,0.0,0.12
0.0,0.0,0.0,0.0,0.0,0.0,0.19,0.64,0.0,0.0,0.0,0.03,0.0,0.0,0.0,0.0,0.0,0.0,0.0,0.0,0.11
0.0,0.0,0.0,0.0,0.0,0.0,0.65,0.13,0.0,0.0,0.0,0.09,0.0,0.0,0.0,0.0,0.0,0.0,0.0,0.0,0.51
0.0,0.0,0.0,0.0,0.0,0.0,0.1,0.48,0.0,0.0,0.0,0.0,0.0,0.0,0.12,0.0,0.0,0.19,0.0,0.0,0.02
0.0,0.0,0.0,0.0,0.09,0.0,0.0,0.79,0.0,0.0,0.0,0.02,0.0,0.02,0.0,0.0,0.0,0.05,0.0,0.0,0.0
0.0,0.0,0.0,0.67,0.03,0.0,0.12,0.1,0.0,0.0,0.0,0.1,0.0,0.0,0.0,0.0,0.0,0.0,0.0,0.0,0.0
0.03,0.0,0.0,0.31,0.0,0.0,0.48,0.17,0.0,0.0,0.0,0.01,0.0,0.0,0.0,0.0,0.0,0.0,0.0,0.0,0.0
0.18,0.0,0.0,0.0,0.0,0.17,0.63,0.01,0.0,0.0,0.0,0.01,0.0,0.0,0.0,0.0,0.0,0.09,0.0,0.04,0.01
0.09,0.0,0.0,0.0,0.0,0.0,0.69,0.26,0.0,0.0,0.0,0.09,0.0,0.0,0.0,0.0,0.0,0.11,0.0,0.0,0.01
0.0,0.0,0.0,0.0,0.0,0.0,0.05,0.42,0.0,0.0,0.0,0.01,0.0,0.0,0.0,0.0,0.0,0.52,0.0,0.0,0.0
0.0,0.0,0.0,0.0,0.0,0.0,0.49,0.12,0.0,0.0,0.0,0.0,0.0,0.0,0.11,0.0,0.0,0.36,0.0,0.0,0.0
0.0,0.0,0.0,0.0,0.0,0.0,0.91,0.01,0.0,0.0,0.0,0.0,0.0,0.0,0.22,0.0,0.0,0.0,0.0,0.0,0.02
0.0,0.0,0.0,0.0,0.02,0.0,0.16,0.1,0.0,0.0,0.0,0.0,0.0,0.0,0.05,0.0,0.03,0.15,0.0,0.0,0.0
0.0,0.0,0.0,0.0,0.11,0.0,0.0,0.04,0.17,0.0,0.0,0.0,0.0,0.1,0.0,0.0,0.5,0.08,0.0,0.0,0.0
0.0,0.0,0.0,0.0,0.15,0.0,0.21,0.17,0.0,0.0,0.0,0.02,0.0,0.03,0.0,0.0,0.0,0.06,0.0,0.0,0.0
0.0,0.15,0.0,0.0,0.0,0.0,0.84,0.0,0.0,0.0,0.0,0.0,0.0,0.0,0.01,0.0,0.0,0.0,0.0,0.0,0.0
0.0,0.61,0.0,0.0,0.0,0.0,0.39,0.0,0.0,0.0,0.0,0.0,0.0,0.0,0.0,0.0,0.0,0.0,0.0,0.0,0.0
0.0,0.68,0.0,0.0,0.0,0.0,0.12,0.0,0.0,0.0,0.0,0.0,0.0,0.0,0.04,0.0,0.0,0.0,0.0,0.0,0.0
0.0,0.0,0.0,0.0,0.15,0.0,0.05,0.02,0.0,0.0,0.0,0.0,0.0,0.0,0.72,0.0,0.0,0.0,0.0,0.0,0.0
0.0,0.0,0.0,0.0,0.04,0.0,0.0,0.09,0.01,0.0,0.0,0.0,0.0,0.0,0.0,0.0,0.0,0.06,0.0,0.0,0.0
0.0,0.0,0.0,0.0,0.04,0.0,0.1,0.16,0.02,0.0,0.0,0.0,0.0,0.02,0.0,0.0,0.08,0.08,0.0,0.0,0.0
0.0,0.0,0.0,0.0,0.04,0.0,0.12,0.21,0.02,0.0,0.0,0.0,0.0,0.0,0.0,0.0,0.0,0.09,0.0,0.0,0.0
0.0,0.0,0.0,0.0,0.01,0.0,0.0,0.16,0.01,0.0,0.0,0.0,0.0,0.0,0.0,0.05,0.0,0.02,0.0,0.0,0.0
0.0,0.0,0.0,0.0,0.02,0.0,0.0,0.1,0.0,0.0,0.0,0.0,0.0,0.05,0.17,0.02,0.0,0.03,0.0,0.0,0.0
0.0,0.0,0.0,0.0,0.39,0.0,0.0,0.22,0.03,0.0,0.0,0.0,0.0,0.0,0.0,0.0,0.0,0.0,0.0,0.0,0.0
0.0,0.0,0.0,0.0,0.2,0.0,0.0,0.06,0.37,0.0,0.0,0.02,0.0,0.01,0.0,0.0,0.91,0.02,0.0,0.0,0.0
0.0,0.0,0.19,0.0,0.0,0.0,0.0,0.0,0.08,0.0,0.0,0.0,0.0,0.0,0.0,0.0,0.28,0.0,0.0,0.0,0.02
0.0,0.0,0.0,0.0,0.0,0.0,0.0,0.0,0.26,0.0,0.0,0.0,0.0,0.0,0.0,0.0,0.0,0.0,0.0,0.08,0.0
0.0,0.0,0.71,0.0,0.0,0.0,0.0,0.0,0.0,0.0,0.0,0.0,0.0,0.0,0.0,0.0,0.0,0.0,0.0,0.05,0.0
0.0,0.0,0.28,0.0,0.0,0.0,0.0,0.0,0.0,0.0,0.0,0.0,0.0,0.0,0.0,0.0,0.0,0.0,0.0,0.0,0.0
0.0,0.0,0.01,0.0,0.0,0.0,0.0,0.0,0.0,0.0,0.01,0.0,0.0,0.0,0.0,0.0,0.0,0.0,0.0,0.0,0.0
0.0,0.0,0.03,0.0,0.0,0.0,0.0,0.0,0.0,0.0,0.01,0.0,0.0,0.0,0.0,0.0,0.0,0.0,0.0,0.0,0.0
0.0,0.0,0.0,0.0,0.0,0.0,0.0,0.0,0.0,0.0,0.0,0.0,0.0,0.0,0.0,0.0,0.0,0.0,0.0,0.0,0.0
0.0,0.0,0.13,0.0,0.0,0.0,0.02,0.0,0.0,0.0,0.0,0.0,0.0,0.0,0.0,0.0,0.0,0.0,0.0,0.0,0.0
0.0,0.0,0.19,0.0,0.0,0.0,0.34,0.06,0.0,0.0,0.0,0.09,0.0,0.02,0.0,0.0,0.02,0.15,0.0,0.0,0.0
0.0,0.0,0.21,0.0,0.0,0.0,0.0,0.0,0.0,0.0,0.0,0.0,0.0,0.0,0.0,0.0,0.11,0.0,0.0,0.0,0.02
0.0,0.0,0.66,0.0,0.0,0.0,0.0,0.0,0.0,0.0,0.0,0.0,0.0,0.0,0.0,0.0,0.08,0.0,0.0,0.0,0.0
0.0,0.0,0.59,0.0,0.0,0.0,0.05,0.0,0.0,0.0,0.0,0.0,0.0,0.0,0.0,0.0,0.04,0.0,0.0,0.0,0.0
0.0,0.0,0.11,0.0,0.0,0.0,0.01,0.0,0.0,0.0,0.0,0.0,0.0,0.03,0.0,0.0,0.0,0.09,0.0,0.0,0.0
0.0,0.0,0.07,0.0,0.0,0.0,0.0,0.0,0.0,0.0,0.0,0.0,0.0,0.0,0.0,0.0,0.0,0.0,0.0,0.0,0.0
0.0,0.0,0.0,0.0,0.0,0.0,0.0,0.0,0.0,0.0,0.0,0.0,0.0,0.0,0.0,0.0,0.0,0.0,0.0,0.0,0.0
0.0,0.0,0.0,0.0,0.0,0.0,0.0,0.0,0.0,0.0,0.0,0.0,0.0,0.0,0.0,0.0,0.0,0.0,0.0,0.0,0.0
0.0,0.0,0.0,0.0,0.0,0.0,0.0,0.0,0.0,0.0,0.0,0.0,0.0,0.0,0.0,0.0,0.0,0.0,0.0,0.0,0.0
0.0,0.0,0.0,0.0,0.0,0.0,0.0,0.0,0.0,0.0,0.0,0.0,0.0,0.0,0.0,0.0,0.0,0.0,0.0,0.0,0.0
0.0,0.05,0.0,0.0,0.0,0.0,0.26,0.43,0.0,0.0,0.0,0.19,0.0,0.0,0.0,0.0,0.0,0.0,0.0,0.01,0.06
0.0,0.4,0.0,0.0,0.0,0.0,0.16,0.01,0.0,0.01,0.0,0.34,0.0,0.04,0.08,0.0,0.0,0.0,0.0,0.0,0.0
0.0,0.0,0.0,0.0,0.0,0.0,0.01,0.25,0.0,0.0,0.0,0.74,0.0,0.0,0.0,0.0,0.0,0.0,0.0,0.0,0.0
0.0,0.0,0.0,0.0,0.0,0.0,0.09,0.82,0.0,0.0,0.0,0.09,0.0,0.0,0.0,0.0,0.0,0.0,0.0,0.0,0.0
0.0,0.0,0.0,0.0,0.0,0.0,0.02,0.52,0.0,0.0,0.0,0.46,0.0,0.0,0.0,0.0,0.0,0.0,0.0,0.0,0.0
0.0,0.0,0.0,0.0,0.0,0.0,0.04,0.31,0.0,0.0,0.0,0.69,0.0,0.0,0.0,0.0,0.0,0.0,0.0,0.0,0.0
0.0,0.0,0.0,0.0,0.0,0.0,0.16,0.51,0.0,0.0,0.0,0.0,0.0,0.0,0.0,0.04,0.0,0.0,0.0,0.0,0.08
0.0,0.0,0.0,0.0,0.0,0.0,0.38,0.01,0.0,0.0,0.0,0.61,0.0,0.0,0.0,0.0,0.0,0.0,0.0,0.0,0.0
0.0,0.0,0.0,0.0,0.0,0.0,0.2,0.24,0.0,0.0,0.0,0.56,0.0,0.0,0.0,0.0,0.0,0.0,0.0,0.0,0.01
0.0,0.0,0.0,0.0,0.0,0.0,0.04,0.91,0.0,0.0,0.0,0.02,0.0,0.0,0.03,0.0,0.0,0.0,0.0,0.0,0.0
0.0,0.0,0.0,0.0,0.0,0.0,0.07,0.48,0.0,0.0,0.0,0.52,0.0,0.0,0.0,0.0,0.0,0.0,0.0,0.0,0.0
0.16,0.0,0.0,0.14,0.01,0.0,0.21,0.06,0.0,0.0,0.0,0.41,0.0,0.0,0.0,0.0,0.0,0.0,0.0,0.0,0.01
0.52,0.0,0.0,0.0,0.0,0.09,0.34,0.0,0.0,0.0,0.0,0.0,0.0,0.0,0.0,0.0,0.0,0.03,0.0,0.0,0.08
0.14,0.0,0.0,0.0,0.0,0.01,0.5,0.0,0.0,0.0,0.0,0.0,0.0,0.04,0.0,0.0,0.0,0.31,0.0,0.0,0.0
0.0,0.0,0.0,0.0,0.0,0.0,0.65,0.03,0.0,0.01,0.0,0.0,0.0,0.0,0.08,0.0,0.0,0.24,0.0,0.0,0.04
0.0,0.0,0.0,0.0,0.0,0.0,0.27,0.44,0.0,0.04,0.0,0.11,0.0,0.0,0.0,0.0,0.0,0.14,0.0,0.0,0.0
0.0,0.0,0.0,0.0,0.0,0.0,0.3,0.26,0.0,0.0,0.0,0.21,0.0,0.0,0.0,0.0,0.0,0.22,0.0,0.0,0.0
0.0,0.0,0.0,0.0,0.0,0.0,0.53,0.13,0.0,0.0,0.0,0.0,0.0,0.0,0.0,0.0,0.0,0.04,0.0,0.0,0.22
0.0,0.0,0.0,0.0,0.07,0.0,0.0,0.18,0.0,0.0,0.0,0.0,0.0,0.0,0.0,0.0,0.0,0.09,0.0,0.0,0.0
0.0,0.0,0.0,0.0,0.08,0.0,0.0,0.12,0.17,0.0,0.0,0.0,0.0,0.0,0.14,0.0,0.15,0.22,0.0,0.0,0.0
0.0,0.0,0.0,0.0,0.12,0.0,0.11,0.14,0.0,0.02,0.0,0.0,0.0,0.0,0.01,0.0,0.0,0.21,0.0,0.0,0.0
0.0,0.0,0.0,0.0,0.0,0.0,0.86,0.0,0.0,0.0,0.0,0.0,0.0,0.01,0.0,0.0,0.0,0.13,0.0,0.0,0.0
0.0,0.09,0.0,0.0,0.0,0.0,0.63,0.0,0.0,0.0,0.0,0.0,0.0,0.0,0.23,0.0,0.0,0.0,0.0,0.0,0.0
0.0,0.12,0.0,0.0,0.0,0.0,0.15,0.0,0.0,0.0,0.0,0.0,0.0,0.0,0.06,0.0,0.0,0.0,0.0,0.0,0.0
0.0,0.0,0.0,0.0,0.05,0.0,0.01,0.02,0.0,0.0,0.0,0.0,0.0,0.0,0.7,0.0,0.0,0.07,0.0,0.0,0.0
0.0,0.0,0.0,0.0,0.14,0.0,0.0,0.01,0.0,0.0,0.0,0.0,0.0,0.0,0.0,0.0,0.0,0.23,0.0,0.0,0.0
0.0,0.0,0.0,0.0,0.08,0.0,0.03,0.13,0.0,0.0,0.0,0.0,0.0,0.0,0.0,0.0,0.04,0.37,0.0,0.0,0.0
0.0,0.0,0.0,0.0,0.0,0.0,0.0,0.17,0.02,0.0,0.0,0.0,0.0,0.0,0.0,0.0,0.0,0.44,0.0,0.0,0.0
0.0,0.0,0.0,0.0,0.13,0.0,0.0,0.11,0.03,0.0,0.0,0.02,0.0,0.0,0.0,0.0,0.0,0.07,0.0,0.0,0.0
0.0,0.0,0.0,0.0,0.01,0.0,0.0,0.1,0.0,0.0,0.0,0.0,0.0,0.0,0.21,0.0,0.0,0.0,0.0,0.0,0.0
0.0,0.0,0.0,0.0,0.36,0.0,0.0,0.12,0.24,0.0,0.0,0.0,0.0,0.0,0.0,0.0,0.0,0.01,0.01,0.0,0.0
0.0,0.0,0.06,0.0,0.16,0.0,0.0,0.0,0.05,0.0,0.04,0.0,0.0,0.07,0.0,0.0,0.46,0.14,0.0,0.0,0.0
0.0,0.0,0.06,0.0,0.0,0.0,0.0,0.0,0.0,0.0,0.0,0.0,0.0,0.0,0.1,0.0,0.11,0.0,0.0,0.0,0.0
0.0,0.0,0.12,0.0,0.0,0.0,0.0,0.0,0.0,0.0,0.0,0.0,0.0,0.0,0.0,0.0,0.03,0.0,0.0,0.0,0.0
0.0,0.0,0.04,0.0,0.0,0.0,0.0,0.0,0.0,0.0,0.0,0.0,0.0,0.0,0.0,0.0,0.0,0.0,0.0,0.0,0.0
0.0,0.0,0.03,0.0,0.0,0.0,0.0,0.0,0.0,0.0,0.0,0.0,0.0,0.0,0.0,0.0,0.0,0.0,0.0,0.0,0.0
0.0,0.0,0.0,0.0,0.0,0.0,0.0,0.0,0.0,0.0,0.0,0.0,0.0,0.0,0.0,0.0,0.0,0.0,0.0,0.0,0.0
0.0,0.0,0.0,0.0,0.0,0.0,0.0,0.0,0.0,0.0,0.0,0.0,0.0,0.0,0.0,0.0,0.0,0.0,0.0,0.0,0.0
0.0,0.0,0.0,0.0,0.0,0.0,0.0,0.0,0.0,0.0,0.0,0.0,0.0,0.0,0.0,0.0,0.0,0.0,0.0,0.0,0.0
0.0,0.0,0.0,0.0,0.0,0.0,0.0,0.0,0.0,0.0,0.0,0.0,0.0,0.0,0.0,0.0,0.0,0.0,0.0,0.0,0.0
0.0,0.0,0.28,0.0,0.0,0.0,0.0,0.0,0.0,0.0,0.0,0.0,0.0,0.01,0.0,0.0,0.0,0.0,0.0,0.0,0.0
0.0,0.0,0.02,0.0,0.0,0.0,0.0,0.0,0.0,0.0,0.0,0.0,0.0,0.01,0.0,0.0,0.0,0.0,0.0,0.0,0.0
0.0,0.0,0.0,0.0,0.0,0.0,0.0,0.0,0.0,0.0,0.0,0.0,0.0,0.0,0.0,0.0,0.0,0.0,0.0,0.0,0.0
0.0,0.0,0.02,0.0,0.0,0.0,0.0,0.0,0.0,0.0,0.0,0.0,0.0,0.0,0.0,0.0,0.0,0.0,0.0,0.0,0.0
0.0,0.0,0.07,0.0,0.0,0.0,0.27,0.0,0.0,0.0,0.0,0.0,0.0,0.08,0.0,0.0,0.0,0.34,0.0,0.0,0.0
0.0,0.0,0.27,0.0,0.0,0.0,0.11,0.0,0.0,0.0,0.0,0.0,0.0,0.07,0.0,0.0,0.0,0.08,0.0,0.0,0.0
0.0,0.0,0.0,0.0,0.0,0.0,0.0,0.0,0.0,0.0,0.0,0.0,0.0,0.0,0.0,0.0,0.0,0.0,0.0,0.0,0.0
0.0,0.0,0.0,0.0,0.0,0.0,0.0,0.0,0.0,0.0,0.0,0.0,0.0,0.0,0.0,0.0,0.0,0.0,0.0,0.0,0.0
0.0,0.0,0.0,0.0,0.0,0.0,0.0,0.0,0.0,0.0,0.0,0.0,0.0,0.0,0.0,0.0,0.0,0.0,0.0,0.0,0.0
0.0,0.0,0.0,0.0,0.0,0.0,0.0,0.0,0.0,0.0,0.0,0.0,0.0,0.0,0.0,0.0,0.0,0.0,0.0,0.0,0.0
0.0,0.0,0.0,0.0,0.0,0.0,0.12,0.17,0.0,0.0,0.0,0.54,0.0,0.0,0.0,0.0,0.0,0.04,0.0,0.0,0.0
0.0,0.0,0.0,0.0,0.0,0.0,0.02,0.33,0.0,0.02,0.0,0.57,0.0,0.03,0.0,0.0,0.0,0.0,0.0,0.0,0.0
0.0,0.0,0.0,0.0,0.0,0.0,0.03,0.38,0.0,0.0,0.0,0.38,0.0,0.0,0.0,0.0,0.0,0.21,0.0,0.0,0.0
0.0,0.0,0.0,0.0,0.0,0.0,0.0,0.74,0.0,0.0,0.0,0.26,0.0,0.0,0.0,0.0,0.0,0.0,0.0,0.0,0.0
0.0,0.0,0.0,0.0,0.0,0.0,0.1,0.5,0.0,0.0,0.0,0.4,0.0,0.0,0.0,0.0,0.0,0.0,0.0,0.0,0.0
0.0,0.0,0.0,0.0,0.0,0.0,0.11,0.64,0.0,0.0,0.0,0.17,0.0,0.0,0.0,0.0,0.0,0.0,0.0,0.0,0.11
0.0,0.0,0.0,0.0,0.0,0.0,0.06,0.83,0.0,0.0,0.0,0.07,0.0,0.0,0.0,0.04,0.0,0.0,0.0,0.0,0.0
0.0,0.0,0.0,0.0,0.0,0.0,0.14,0.06,0.0,0.0,0.0,0.7,0.0,0.0,0.0,0.0,0.0,0.0,0.0,0.0,0.02
0.0,0.0,0.0,0.0,0.0,0.0,0.17,0.54,0.0,0.0,0.0,0.26,0.0,0.0,0.0,0.0,0.0,0.0,0.0,0.0,0.0
0.0,0.45,0.0,0.0,0.0,0.0,0.13,0.08,0.0,0.0,0.0,0.36,0.0,0.0,0.0,0.0,0.0,0.0,0.0,0.0,0.0
0.0,0.44,0.0,0.0,0.0,0.0,0.26,0.0,0.0,0.0,0.0,0.3,0.0,0.0,0.0,0.0,0.0,0.0,0.0,0.0,0.0
0.0,0.13,0.0,0.0,0.0,0.0,0.34,0.37,0.0,0.03,0.0,0.11,0.0,0.0,0.0,0.0,0.0,0.0,0.0,0.0,0.02
0.66,0.0,0.0,0.0,0.0,0.0,0.27,0.0,0.0,0.01,0.0,0.0,0.0,0.0,0.06,0.0,0.0,0.0,0.0,0.0,0.08
0.03,0.0,0.0,0.0,0.0,0.0,0.14,0.0,0.0,0.09,0.0,0.0,0.0,0.0,0.29,0.0,0.0,0.5,0.0,0.0,0.01
0.0,0.0,0.0,0.0,0.0,0.0,0.12,0.16,0.0,0.0,0.0,0.09,0.0,0.0,0.04,0.0,0.0,0.61,0.0,0.0,0.0
0.0,0.0,0.0,0.0,0.0,0.0,0.0,0.43,0.0,0.0,0.0,0.06,0.0,0.0,0.0,0.02,0.0,0.49,0.0,0.0,0.0
0.0,0.0,0.0,0.0,0.0,0.0,0.01,0.82,0.0,0.0,0.0,0.12,0.0,0.03,0.0,0.0,0.0,0.08,0.0,0.0,0.0
0.0,0.0,0.0,0.0,0.0,0.0,0.34,0.15,0.0,0.0,0.0,0.0,0.0,0.04,0.0,0.0,0.0,0.23,0.0,0.0,0.0
0.0,0.0,0.0,0.0,0.11,0.0,0.0,0.22,0.0,0.0,0.0,0.01,0.0,0.0,0.09,0.0,0.0,0.08,0.0,0.0,0.0
0.0,0.0,0.0,0.0,0.0,0.0,0.0,0.33,0.11,0.0,0.0,0.0,0.0,0.0,0.03,0.0,0.07,0.15,0.0,0.0,0.0
0.0,0.0,0.0,0.0,0.32,0.0,0.02,0.17,0.07,0.0,0.0,0.0,0.0,0.0,0.16,0.0,0.0,0.13,0.0,0.0,0.0
0.0,0.0,0.0,0.0,0.0,0.0,0.27,0.13,0.0,0.0,0.0,0.03,0.0,0.12,0.0,0.0,0.0,0.21,0.0,0.0,0.0
0.0,0.0,0.0,0.0,0.0,0.0,0.35,0.0,0.0,0.0,0.0,0.0,0.0,0.0,0.47,0.0,0.0,0.0,0.0,0.0,0.0
0.0,0.0,0.0,0.0,0.0,0.0,0.3,0.07,0.0,0.0,0.0,0.0,0.0,0.0,0.26,0.0,0.0,0.15,0.0,0.0,0.0
0.0,0.0,0.0,0.0,0.0,0.0,0.05,0.03,0.02,0.0,0.0,0.02,0.0,0.0,0.0,0.0,0.0,0.49,0.0,0.0,0.0
0.0,0.0,0.0,0.0,0.47,0.0,0.0,0.04,0.06,0.0,0.0,0.0,0.0,0.0,0.0,0.0,0.0,0.31,0.0,0.0,0.0
0.0,0.0,0.0,0.0,0.04,0.0,0.0,0.01,0.01,0.02,0.0,0.0,0.0,0.03,0.04,0.0,0.0,0.2,0.0,0.0,0.0
0.0,0.0,0.0,0.0,0.31,0.0,0.08,0.12,0.21,0.0,0.0,0.0,0.0,0.0,0.01,0.0,0.05,0.06,0.0,0.0,0.0
0.0,0.0,0.0,0.0,0.0,0.0,0.0,0.14,0.0,0.0,0.0,0.0,0.0,0.0,0.0,0.0,0.0,0.11,0.0,0.0,0.0
0.0,0.0,0.0,0.0,0.01,0.0,0.0,0.19,0.0,0.0,0.0,0.0,0.0,0.08,0.08,0.0,0.0,0.24,0.0,0.0,0.0
0.0,0.0,0.0,0.0,0.12,0.0,0.03,0.08,0.44,0.0,0.0,0.03,0.0,0.0,0.0,0.0,0.0,0.05,0.0,0.0,0.0
0.0,0.0,0.04,0.0,0.01,0.0,0.0,0.01,0.35,0.0,0.01,0.0,0.0,0.0,0.24,0.0,0.22,0.0,0.0,0.0,0.02
0.0,0.0,0.17,0.0,0.0,0.0,0.0,0.1,0.0,0.0,0.0,0.06,0.0,0.03,0.07,0.0,0.0,0.0,0.0,0.0,0.02
0.0,0.0,0.21,0.0,0.0,0.0,0.0,0.02,0.0,0.0,0.04,0.03,0.0,0.0,0.09,0.0,0.14,0.0,0.0,0.0,0.0
0.0,0.0,0.37,0.0,0.0,0.0,0.0,0.0,0.0,0.0,0.0,0.0,0.0,0.0,0.0,0.0,0.0,0.0,0.0,0.0,0.0
0.0,0.0,0.26,0.0,0.0,0.0,0.0,0.0,0.0,0.0,0.0,0.0,0.0,0.0,0.0,0.0,0.0,0.0,0.0,0.0,0.0
0.0,0.0,0.0,0.0,0.0,0.0,0.0,0.0,0.0,0.0,0.0,0.0,0.0,0.0,0.0,0.0,0.0,0.0,0.0,0.0,0.0
0.0,0.0,0.0,0.0,0.0,0.0,0.0,0.0,0.0,0.0,0.0,0.0,0.0,0.02,0.0,0.0,0.0,0.0,0.0,0.0,0.0
0.0,0.0,0.0,0.0,0.0,0.0,0.0,0.0,0.0,0.0,0.0,0.0,0.0,0.0,0.0,0.0,0.0,0.0,0.0,0.0,0.0
0.0,0.0,0.05,0.0,0.0,0.0,0.0,0.0,0.0,0.0,0.0,0.0,0.0,0.0,0.0,0.0,0.0,0.0,0.0,0.0,0.0
0.0,0.0,0.26,0.0,0.0,0.0,0.0,0.0,0.0,0.0,0.0,0.0,0.0,0.01,0.0,0.0,0.0,0.0,0.0,0.0,0.0
0.0,0.0,0.0,0.0,0.0,0.0,0.0,0.0,0.0,0.0,0.0,0.0,0.0,0.0,0.0,0.0,0.0,0.0,0.0,0.0,0.0
0.0,0.0,0.0,0.0,0.0,0.0,0.0,0.0,0.0,0.0,0.0,0.0,0.0,0.0,0.0,0.0,0.0,0.0,0.0,0.0,0.0
0.0,0.0,0.0,0.0,0.0,0.0,0.0,0.0,0.0,0.0,0.0,0.0,0.0,0.0,0.0,0.0,0.0,0.0,0.0,0.0,0.0
0.0,0.0,0.01,0.0,0.0,0.0,0.04,0.0,0.0,0.0,0.0,0.0,0.0,0.0,0.0,0.0,0.0,0.03,0.0,0.0,0.0
0.0,0.0,0.0,0.0,0.0,0.0,0.0,0.0,0.0,0.0,0.0,0.0,0.0,0.0,0.0,0.0,0.0,0.1,0.0,0.0,0.0
0.0,0.0,0.0,0.0,0.0,0.0,0.0,0.0,0.0,0.0,0.0,0.0,0.0,0.0,0.0,0.0,0.0,0.0,0.0,0.0,0.0
0.0,0.0,0.0,0.0,0.0,0.0,0.0,0.0,0.0,0.0,0.0,0.0,0.0,0.0,0.0,0.0,0.0,0.0,0.0,0.0,0.0
0.0,0.0,0.0,0.0,0.0,0.0,0.0,0.0,0.0,0.0,0.0,0.0,0.0,0.0,0.0,0.0,0.0,0.0,0.0,0.0,0.0
0.0,0.0,0.0,0.0,0.0,0.0,0.0,0.0,0.0,0.0,0.0,0.0,0.0,0.0,0.0,0.0,0.0,0.0,0.0,0.0,0.0
0.0,0.0,0.0,0.0,0.0,0.0,0.13,0.87,0.0,0.0,0.0,0.0,0.0,0.0,0.0,0.0,0.0,0.0,0.0,0.0,0.0
0.0,0.0,0.0,0.0,0.0,0.0,0.07,0.79,0.0,0.0,0.0,0.09,0.0,0.0,0.14,0.0,0.0,0.0,0.0,0.0,0.0
0.0,0.0,0.0,0.0,0.0,0.0,0.01,0.24,0.0,0.0,0.0,0.0,0.0,0.0,0.5,0.0,0.0,0.25,0.0,0.0,0.0
0.0,0.0,0.0,0.0,0.0,0.0,0.07,0.64,0.0,0.0,0.0,0.0,0.0,0.0,0.15,0.0,0.0,0.0,0.0,0.0,0.03
0.0,0.0,0.0,0.0,0.0,0.0,0.34,0.04,0.0,0.0,0.0,0.48,0.0,0.0,0.0,0.0,0.0,0.0,0.0,0.0,0.14
0.0,0.0,0.0,0.0,0.0,0.0,0.68,0.09,0.0,0.04,0.0,0.0,0.0,0.0,0.0,0.0,0.0,0.0,0.0,0.0,0.07
0.0,0.0,0.0,0.0,0.0,0.0,0.36,0.36,0.0,0.0,0.0,0.25,0.0,0.0,0.0,0.0,0.0,0.0,0.0,0.0,0.04
0.0,0.0,0.0,0.0,0.0,0.0,0.76,0.09,0.0,0.0,0.0,0.1,0.22,0.0,0.0,0.0,0.0,0.0,0.0,0.0,0.03
0.0,0.17,0.0,0.0,0.04,0.0,0.45,0.12,0.0,0.0,0.0,0.22,0.0,0.06,0.0,0.0,0.0,0.0,0.0,0.0,0.0
0.0,0.93,0.0,0.0,0.0,0.0,0.19,0.0,0.0,0.0,0.0,0.0,0.0,0.0,0.0,0.0,0.0,0.0,0.0,0.0,0.0
0.0,0.53,0.0,0.0,0.0,0.0,0.37,0.0,0.0,0.0,0.0,0.0,0.0,0.0,0.0,0.0,0.0,0.0,0.0,0.07,0.03
0.0,0.87,0.0,0.0,0.0,0.0,0.19,0.0,0.0,0.0,0.0,0.0,0.0,0.0,0.0,0.0,0.0,0.0,0.0,0.01,0.0
0.03,0.32,0.0,0.0,0.0,0.0,0.1,0.08,0.0,0.27,0.0,0.02,0.0,0.0,0.0,0.0,0.0,0.0,0.0,0.0,0.0
0.0,0.0,0.0,0.0,0.0,0.0,0.2,0.05,0.0,0.26,0.0,0.0,0.0,0.0,0.35,0.0,0.0,0.07,0.0,0.04,0.0
0.0,0.0,0.0,0.0,0.0,0.0,0.05,0.14,0.0,0.0,0.0,0.0,0.0,0.0,0.02,0.0,0.0,0.78,0.0,0.0,0.0
0.0,0.0,0.0,0.0,0.0,0.0,0.03,0.92,0.0,0.01,0.0,0.0,0.0,0.0,0.0,0.0,0.0,0.0,0.0,0.0,0.0
0.0,0.0,0.0,0.0,0.0,0.0,0.0,0.74,0.0,0.0,0.0,0.13,0.0,0.1,0.0,0.0,0.0,0.0,0.0,0.0,0.0
0.0,0.0,0.0,0.0,0.02,0.0,0.0,0.33,0.0,0.0,0.0,0.03,0.0,0.04,0.0,0.0,0.0,0.0,0.0,0.0,0.0
0.0,0.0,0.0,0.0,0.29,0.0,0.0,0.16,0.0,0.0,0.0,0.12,0.0,0.0,0.0,0.0,0.0,0.16,0.0,0.0,0.0
0.0,0.0,0.0,0.0,0.04,0.0,0.0,0.31,0.0,0.0,0.0,0.01,0.0,0.03,0.08,0.0,0.02,0.05,0.0,0.0,0.0
0.0,0.0,0.0,0.0,0.32,0.0,0.0,0.16,0.05,0.0,0.0,0.0,0.0,0.02,0.03,0.0,0.09,0.12,0.0,0.0,0.0
0.0,0.0,0.0,0.0,0.0,0.0,0.0,0.34,0.0,0.0,0.0,0.01,0.0,0.0,0.0,0.0,0.0,0.05,0.0,0.0,0.0
0.0,0.0,0.0,0.0,0.0,0.0,0.49,0.08,0.0,0.0,0.0,0.03,0.0,0.0,0.12,0.0,0.0,0.01,0.0,0.0,0.0
0.0,0.0,0.0,0.0,0.04,0.0,0.11,0.08,0.01,0.0,0.0,0.0,0.0,0.0,0.11,0.0,0.0,0.07,0.0,0.0,0.0
0.0,0.0,0.0,0.0,0.0,0.0,0.0,0.06,0.0,0.0,0.0,0.07,0.0,0.0,0.0,0.0,0.0,0.28,0.0,0.0,0.0
0.0,0.0,0.0,0.0,0.13,0.0,0.0,0.07,0.0,0.0,0.0,0.0,0.0,0.0,0.0,0.0,0.0,0.23,0.0,0.0,0.0
0.0,0.0,0.0,0.0,0.01,0.0,0.0,0.02,0.0,0.0,0.0,0.0,0.0,0.0,0.19,0.0,0.0,0.17,0.0,0.0,0.0
0.0,0.0,0.0,0.0,0.1,0.0,0.0,0.05,0.05,0.0,0.0,0.0,0.0,0.0,0.2,0.0,0.07,0.19,0.0,0.0,0.0
0.0,0.0,0.0,0.0,0.09,0.0,0.05,0.18,0.0,0.0,0.0,0.0,0.0,0.0,0.0,0.0,0.0,0.05,0.0,0.0,0.0
0.0,0.0,0.0,0.0,0.14,0.0,0.07,0.1,0.02,0.0,0.0,0.0,0.0,0.0,0.0,0.0,0.0,0.03,0.0,0.0,0.0
0.0,0.0,0.0,0.0,0.13,0.0,0.0,0.04,0.4,0.0,0.0,0.0,0.0,0.0,0.0,0.0,0.0,0.0,0.0,0.0,0.0
0.0,0.0,0.0,0.0,0.01,0.0,0.01,0.12,0.26,0.0,0.0,0.0,0.0,0.02,0.0,0.0,0.21,0.05,0.0,0.0,0.0
0.0,0.0,0.0,0.0,0.01,0.0,0.24,0.29,0.0,0.0,0.0,0.04,0.0,0.06,0.03,0.0,0.0,0.0,0.0,0.0,0.0
0.0,0.0,0.4,0.0,0.0,0.0,0.09,0.16,0.0,0.0,0.16,0.0,0.0,0.0,0.0,0.0,0.0,0.16,0.0,0.0,0.02
0.0,0.0,0.18,0.0,0.0,0.0,0.0,0.0,0.0,0.0,0.0,0.0,0.0,0.0,0.0,0.0,0.0,0.29,0.0,0.0,0.0
0.0,0.0,0.33,0.0,0.0,0.0,0.0,0.0,0.0,0.0,0.0,0.0,0.0,0.0,0.0,0.0,0.0,0.17,0.0,0.0,0.0
0.0,0.0,0.0,0.0,0.0,0.0,0.0,0.0,0.0,0.0,0.0,0.0,0.0,0.0,0.0,0.0,0.0,0.0,0.0,0.0,0.0
0.0,0.0,0.0,0.0,0.0,0.0,0.0,0.0,0.0,0.0,0.0,0.0,0.0,0.0,0.0,0.0,0.0,0.0,0.0,0.0,0.0
0.0,0.0,0.0,0.0,0.0,0.0,0.0,0.0,0.0,0.0,0.0,0.0,0.0,0.0,0.0,0.0,0.0,0.0,0.0,0.0,0.0
0.0,0.0,0.74,0.0,0.0,0.0,0.1,0.0,0.0,0.0,0.0,0.0,0.0,0.02,0.0,0.0,0.0,0.0,0.0,0.06,0.1
0.0,0.0,0.83,0.0,0.0,0.0,0.2,0.0,0.0,0.0,0.0,0.0,0.0,0.28,0.0,0.0,0.0,0.0,0.0,0.01,0.08
0.0,0.0,0.01,0.0,0.0,0.0,0.0,0.0,0.0,0.0,0.0,0.0,0.0,0.0,0.0,0.0,0.0,0.0,0.0,0.0,0.0
0.0,0.0,0.0,0.0,0.0,0.0,0.0,0.0,0.0,0.0,0.0,0.0,0.0,0.0,0.0,0.0,0.0,0.0,0.0,0.0,0.0
0.0,0.0,0.0,0.0,0.0,0.0,0.0,0.0,0.0,0.0,0.0,0.0,0.0,0.0,0.0,0.0,0.0,0.0,0.0,0.0,0.0
0.0,0.0,0.0,0.0,0.0,0.0,0.0,0.0,0.0,0.0,0.0,0.0,0.0,0.0,0.0,0.0,0.0,0.0,0.0,0.0,0.0
0.0,0.0,0.0,0.0,0.0,0.0,0.0,0.0,0.0,0.0,0.0,0.0,0.0,0.0,0.0,0.0,0.0,0.0,0.0,0.0,0.0
0.0,0.0,0.0,0.0,0.0,0.0,0.0,0.0,0.0,0.0,0.0,0.0,0.0,0.0,0.0,0.0,0.0,0.0,0.0,0.0,0.0
0.0,0.0,0.1,0.0,0.0,0.0,0.04,0.0,0.0,0.0,0.0,0.0,0.0,0.0,0.0,0.0,0.0,0.0,0.0,0.0,0.0
0.0,0.0,0.5,0.0,0.0,0.0,0.33,0.0,0.0,0.0,0.0,0.0,0.0,0.0,0.0,0.0,0.0,0.0,0.0,0.0,0.01
0.0,0.0,0.03,0.0,0.0,0.0,0.01,0.0,0.0,0.0,0.0,0.0,0.0,0.0,0.0,0.0,0.0,0.0,0.0,0.0,0.0
0.0,0.0,0.0,0.0,0.0,0.0,0.0,1.0,0.0,0.0,0.0,0.0,0.0,0.0,0.0,0.0,0.0,0.0,0.0,0.0,0.0
0.0,0.0,0.0,0.0,0.0,0.0,0.06,0.98,0.0,0.0,0.0,0.0,0.0,0.0,0.0,0.0,0.0,0.0,0.0,0.0,0.02
0.0,0.0,0.0,0.0,0.0,0.0,0.07,0.2,0.0,0.0,0.0,0.0,0.0,0.0,0.11,0.0,0.0,0.12,0.0,0.0,0.49
0.0,0.0,0.0,0.0,0.0,0.0,0.12,0.0,0.0,0.1,0.0,0.0,0.0,0.0,0.25,0.0,0.0,0.5,0.0,0.0,0.03
0.0,0.0,0.0,0.0,0.0,0.0,0.5,0.0,0.0,0.21,0.0,0.0,0.0,0.12,0.02,0.0,0.0,0.03,0.0,0.0,0.08
0.0,0.0,0.0,0.0,0.0,0.0,0.84,0.0,0.0,0.0,0.0,0.0,0.0,0.0,0.0,0.0,0.0,0.0,0.0,0.02,0.16
0.0,0.0,0.0,0.0,0.0,0.0,0.99,0.0,0.0,0.0,0.0,0.01,0.0,0.0,0.0,0.0,0.0,0.0,0.11,0.0,0.02
0.0,0.0,0.0,0.0,0.0,0.0,0.56,0.0,0.0,0.0,0.0,0.37,0.02,0.0,0.0,0.0,0.0,0.0,0.0,0.0,0.1
0.0,0.66,0.0,0.0,0.01,0.0,0.36,0.0,0.0,0.0,0.0,0.07,0.0,0.0,0.0,0.0,0.0,0.0,0.0,0.0,0.0
0.0,0.79,0.0,0.0,0.0,0.0,0.25,0.0,0.0,0.04,0.0,0.0,0.0,0.0,0.0,0.0,0.0,0.0,0.0,0.0,0.0
0.0,0.58,0.0,0.0,0.0,0.0,0.43,0.0,0.0,0.0,0.0,0.0,0.0,0.0,0.0,0.0,0.0,0.0,0.0,0.05,0.0
0.0,1.0,0.0,0.0,0.0,0.0,0.11,0.0,0.0,0.0,0.0,0.0,0.0,0.0,0.0,0.0,0.0,0.0,0.0,0.0,0.0
0.0,0.58,0.0,0.0,0.0,0.0,0.08,0.31,0.0,0.0,0.0,0.0,0.0,0.0,0.0,0.0,0.0,0.0,0.0,0.0,0.0
0.0,0.0,0.0,0.0,0.0,0.0,0.16,0.15,0.0,0.03,0.0,0.0,0.0,0.0,0.39,0.0,0.0,0.0,0.0,0.0,0.0
0.0,0.0,0.0,0.0,0.0,0.0,0.35,0.0,0.0,0.04,0.0,0.0,0.0,0.0,0.46,0.0,0.0,0.27,0.0,0.0,0.0
0.0,0.0,0.0,0.0,0.0,0.0,0.68,0.17,0.0,0.09,0.0,0.05,0.0,0.0,0.0,0.0,0.0,0.12,0.0,0.0,0.0
0.0,0.0,0.0,0.0,0.0,0.0,0.35,0.41,0.0,0.06,0.0,0.11,0.0,0.11,0.0,0.0,0.0,0.01,0.0,0.0,0.0
0.0,0.0,0.0,0.0,0.04,0.0,0.0,0.16,0.0,0.0,0.0,0.16,0.0,0.15,0.15,0.0,0.0,0.0,0.0,0.05,0.0
0.0,0.0,0.0,0.0,0.09,0.0,0.0,0.34,0.0,0.0,0.0,0.07,0.0,0.0,0.0,0.0,0.0,0.1,0.0,0.0,0.0
0.0,0.0,0.0,0.0,0.0,0.0,0.0,0.38,0.0,0.0,0.0,0.03,0.0,0.0,0.01,0.0,0.0,0.0,0.0,0.0,0.0
0.0,0.0,0.0,0.0,0.05,0.0,0.0,0.22,0.07,0.0,0.0,0.0,0.0,0.0,0.03,0.0,0.05,0.26,0.0,0.0,0.0
0.0,0.0,0.0,0.0,0.1,0.0,0.0,0.14,0.06,0.0,0.0,0.0,0.0,0.0,0.0,0.0,0.0,0.06,0.0,0.0,0.0
0.0,0.0,0.0,0.0,0.15,0.0,0.12,0.2,0.0,0.0,0.0,0.0,0.0,0.0,0.02,0.0,0.0,0.2,0.0,0.0,0.0
0.0,0.0,0.0,0.0,0.04,0.0,0.01,0.15,0.0,0.0,0.0,0.0,0.0,0.0,0.0,0.0,0.0,0.39,0.0,0.0,0.0
0.0,0.0,0.0,0.0,0.02,0.0,0.01,0.24,0.0,0.0,0.0,0.0,0.0,0.0,0.0,0.0,0.0,0.07,0.0,0.0,0.0
0.0,0.0,0.0,0.0,0.11,0.0,0.0,0.07,0.05,0.0,0.0,0.0,0.0,0.0,0.0,0.0,0.0,0.07,0.0,0.0,0.0
0.0,0.0,0.0,0.0,0.08,0.0,0.0,0.1,0.0,0.0,0.0,0.03,0.0,0.0,0.01,0.0,0.0,0.03,0.0,0.0,0.0
0.0,0.0,0.0,0.0,0.01,0.0,0.0,0.16,0.13,0.0,0.0,0.01,0.0,0.01,0.0,0.0,0.05,0.2,0.0,0.0,0.0
0.0,0.0,0.0,0.0,0.09,0.0,0.0,0.17,0.0,0.0,0.0,0.0,0.0,0.0,0.0,0.0,0.0,0.2,0.0,0.0,0.0
0.0,0.0,0.0,0.0,0.0,0.0,0.02,0.11,0.0,0.0,0.0,0.0,0.0,0.0,0.0,0.0,0.0,0.08,0.0,0.0,0.0
0.0,0.0,0.0,0.0,0.15,0.0,0.0,0.22,0.0,0.0,0.0,0.0,0.0,0.0,0.0,0.0,0.0,0.13,0.0,0.0,0.0
0.0,0.0,0.0,0.0,0.04,0.0,0.0,0.25,0.01,0.0,0.0,0.0,0.0,0.0,0.0,0.0,0.18,0.03,0.0,0.0,0.0
0.0,0.0,0.07,0.0,0.03,0.0,0.02,0.13,0.21,0.0,0.0,0.0,0.0,0.25,0.0,0.0,0.0,0.08,0.0,0.0,0.02
0.0,0.0,0.48,0.0,0.0,0.0,0.0,0.03,0.0,0.0,0.0,0.0,0.0,0.0,0.04,0.0,0.0,0.45,0.0,0.0,0.0
0.0,0.0,0.03,0.0,0.0,0.0,0.0,0.0,0.0,0.0,0.0,0.0,0.0,0.0,0.13,0.0,0.0,0.8,0.0,0.0,0.0
0.0,0.0,0.06,0.0,0.0,0.0,0.0,0.0,0.0,0.0,0.0,0.0,0.0,0.01,0.03,0.0,0.0,0.78,0.0,0.0,0.0
0.0,0.0,0.0,0.0,0.0,0.0,0.0,0.0,0.0,0.0,0.0,0.0,0.0,0.0,0.0,0.0,0.0,0.0,0.0,0.0,0.0
0.0,0.0,0.0,0.0,0.0,0.0,0.0,0.0,0.0,0.0,0.0,0.0,0.0,0.0,0.0,0.0,0.0,0.0,0.0,0.0,0.0
0.0,0.0,0.0,0.0,0.0,0.0,0.0,0.0,0.0,0.0,0.0,0.0,0.0,0.0,0.0,0.0,0.0,0.0,0.0,0.0,0.0
0.0,0.0,0.87,0.0,0.0,0.0,0.0,0.0,0.0,0.0,0.0,0.0,0.0,0.19,0.0,0.0,0.0,0.0,0.0,0.01,0.22
0.0,0.0,1.06,0.0,0.0,0.0,0.09,0.0,0.0,0.0,0.0,0.0,0.0,0.31,0.0,0.0,0.0,0.0,0.0,0.0,0.4
0.0,0.0,0.34,0.0,0.0,0.0,0.0,0.0,0.0,0.0,0.0,0.0,0.0,0.09,0.0,0.0,0.0,0.0,0.0,0.03,0.13
0.0,0.0,0.0,0.0,0.0,0.0,0.0,0.0,0.0,0.0,0.0,0.0,0.0,0.0,0.0,0.0,0.0,0.0,0.0,0.0,0.0
0.0,0.0,0.0,0.0,0.0,0.0,0.0,0.0,0.0,0.0,0.0,0.0,0.0,0.0,0.0,0.0,0.0,0.0,0.0,0.0,0.0
0.0,0.0,0.0,0.0,0.0,0.0,0.0,0.0,0.0,0.0,0.0,0.0,0.0,0.0,0.0,0.0,0.0,0.0,0.0,0.0,0.0
0.0,0.0,0.0,0.0,0.0,0.0,0.0,0.0,0.0,0.0,0.0,0.0,0.0,0.0,0.0,0.0,0.0,0.0,0.0,0.0,0.0
0.0,0.0,0.0,0.0,0.0,0.0,0.0,0.0,0.0,0.0,0.0,0.0,0.0,0.0,0.0,0.0,0.0,0.0,0.0,0.0,0.0
0.0,0.0,0.0,0.0,0.0,0.0,0.0,0.0,0.0,0.0,0.0,0.0,0.0,0.0,0.0,0.0,0.0,0.0,0.0,0.0,0.0
0.0,0.0,0.28,0.0,0.0,0.0,0.08,0.0,0.0,0.0,0.0,0.0,0.0,0.0,0.0,0.0,0.0,0.0,0.0,0.0,0.0
0.0,0.0,0.78,0.0,0.0,0.0,0.09,0.0,0.0,0.0,0.0,0.0,0.0,0.14,0.0,0.0,0.0,0.0,0.0,0.0,0.17
0.0,0.0,0.0,0.0,0.0,0.0,0.0,1.0,0.0,0.0,0.0,0.02,0.0,0.0,0.0,0.0,0.0,0.0,0.0,0.0,0.0
0.0,0.0,0.0,0.0,0.0,0.0,0.0,1.0,0.0,0.0,0.0,0.17,0.0,0.0,0.0,0.0,0.0,0.0,0.0,0.0,0.0
0.0,0.0,0.0,0.0,0.0,0.0,0.26,0.69,0.0,0.0,0.0,0.0,0.0,0.0,0.0,0.0,0.0,0.07,0.0,0.0,0.0
0.0,0.0,0.0,0.0,0.0,0.0,0.64,0.0,0.0,0.33,0.0,0.0,0.0,0.0,0.0,0.0,0.0,0.03,0.0,0.0,0.0
0.0,0.0,0.0,0.0,0.0,0.0,0.43,0.31,0.0,0.12,0.0,0.0,0.0,0.0,0.0,0.0,0.0,0.0,0.0,0.03,0.05
0.0,0.0,0.0,0.0,0.0,0.0,0.15,0.18,0.0,0.0,0.0,0.0,0.0,0.0,0.0,0.0,0.0,0.0,0.0,0.06,0.32
0.0,0.0,0.0,0.0,0.0,0.0,0.69,0.23,0.0,0.0,0.0,0.01,0.0,0.0,0.0,0.0,0.0,0.0,0.05,0.0,0.1
0.0,0.0,0.0,0.0,0.0,0.0,0.39,0.0,0.0,0.0,0.0,0.55,0.0,0.0,0.01,0.0,0.0,0.0,0.0,0.0,0.06
0.0,0.11,0.0,0.0,0.0,0.0,0.49,0.0,0.0,0.0,0.0,0.33,0.0,0.0,0.06,0.0,0.0,0.0,0.0,0.0,0.03
0.0,0.48,0.0,0.0,0.0,0.0,0.53,0.0,0.0,0.12,0.0,0.0,0.0,0.01,0.07,0.0,0.0,0.0,0.0,0.0,0.01
0.0,1.0,0.0,0.0,0.0,0.0,0.2,0.0,0.0,0.0,0.0,0.0,0.0,0.0,0.0,0.0,0.0,0.0,0.0,0.13,0.0
0.0,0.8,0.0,0.0,0.0,0.0,0.19,0.0,0.0,0.03,0.0,0.0,0.0,0.0,0.0,0.0,0.0,0.0,0.0,0.0,0.0
0.0,0.2,0.0,0.0,0.0,0.0,0.38,0.02,0.0,0.02,0.0,0.0,0.0,0.0,0.0,0.0,0.0,0.0,0.0,0.0,0.0
0.0,0.0,0.0,0.0,0.0,0.0,0.59,0.07,0.0,0.03,0.0,0.0,0.0,0.0,0.02,0.0,0.0,0.08,0.0,0.0,0.0
0.0,0.0,0.0,0.0,0.0,0.0,0.4,0.0,0.0,0.02,0.0,0.0,0.0,0.0,0.16,0.0,0.0,0.31,0.0,0.0,0.0
0.0,0.0,0.0,0.0,0.0,0.0,0.4,0.0,0.0,0.13,0.0,0.0,0.0,0.0,0.13,0.0,0.0,0.26,0.0,0.0,0.0
0.0,0.0,0.0,0.0,0.0,0.0,0.66,0.0,0.0,0.0,0.0,0.0,0.0,0.05,0.22,0.0,0.0,0.12,0.0,0.18,0.0
0.0,0.0,0.0,0.0,0.03,0.0,0.0,0.01,0.0,0.0,0.0,0.0,0.0,0.0,0.96,0.0,0.0,0.0,0.0,0.86,0.0
0.0,0.0,0.0,0.0,0.05,0.0,0.0,0.14,0.0,0.0,0.0,0.0,0.0,0.0,0.04,0.0,0.0,0.14,0.0,0.0,0.0
0.0,0.0,0.0,0.0,0.0,0.0,0.0,0.32,0.0,0.0,0.0,0.04,0.0,0.0,0.0,0.0,0.0,0.12,0.0,0.0,0.0
0.0,0.0,0.0,0.0,0.02,0.0,0.0,0.28,0.04,0.0,0.0,0.03,0.0,0.0,0.0,0.0,0.04,0.2,0.0,0.0,0.0
0.0,0.0,0.0,0.0,0.06,0.0,0.0,0.24,0.07,0.0,0.0,0.01,0.0,0.0,0.0,0.0,0.0,0.07,0.0,0.0,0.0
0.0,0.0,0.0,0.0,0.12,0.0,0.0,0.17,0.04,0.0,0.0,0.0,0.0,0.0,0.0,0.0,0.04,0.15,0.0,0.0,0.0
0.0,0.0,0.0,0.0,0.0,0.0,0.0,0.07,0.0,0.0,0.0,0.0,0.0,0.02,0.04,0.0,0.0,0.29,0.0,0.0,0.0
0.0,0.0,0.0,0.0,0.0,0.0,0.0,0.05,0.0,0.03,0.0,0.0,0.0,0.0,0.0,0.0,0.0,0.66,0.0,0.0,0.0
0.0,0.0,0.0,0.0,0.09,0.0,0.0,0.12,0.0,0.0,0.0,0.02,0.0,0.0,0.0,0.0,0.0,0.19,0.0,0.0,0.0
0.0,0.0,0.0,0.0,0.01,0.0,0.0,0.23,0.0,0.0,0.0,0.0,0.0,0.07,0.0,0.0,0.0,0.19,0.0,0.0,0.0
0.0,0.0,0.0,0.0,0.0,0.0,0.0,0.36,0.0,0.0,0.0,0.0,0.0,0.02,0.0,0.0,0.0,0.15,0.0,0.0,0.0
0.0,0.0,0.0,0.0,0.2,0.0,0.0,0.35,0.0,0.0,0.0,0.0,0.0,0.0,0.0,0.0,0.05,0.15,0.0,0.0,0.0
0.0,0.0,0.0,0.05,0.11,0.0,0.0,0.12,0.0,0.0,0.0,0.0,0.0,0.03,0.0,0.0,0.0,0.03,0.0,0.0,0.0
0.0,0.0,0.0,0.0,0.07,0.0,0.0,0.22,0.0,0.0,0.0,0.02,0.0,0.0,0.0,0.0,0.0,0.01,0.0,0.0,0.0
0.0,0.0,0.0,0.0,0.01,0.0,0.0,0.13,0.0,0.0,0.0,0.0,0.0,0.0,0.0,0.0,0.18,0.03,0.0,0.0,0.0
0.0,0.0,0.0,0.0,0.0,0.0,0.0,0.0,0.64,0.0,0.0,0.0,0.0,0.0,0.0,0.0,0.06,0.3,0.0,0.0,0.0
0.0,0.0,0.0,0.0,0.0,0.0,0.0,0.0,0.0,0.0,0.0,0.0,0.0,0.0,0.59,0.0,0.0,1.0,0.0,0.0,0.0
0.0,0.0,0.0,0.0,0.0,0.0,0.0,0.02,0.0,0.0,0.0,0.0,0.0,0.06,0.33,0.0,0.0,0.86,0.0,0.0,0.0
0.0,0.0,0.05,0.0,0.0,0.0,0.0,0.0,0.0,0.0,0.0,0.0,0.0,0.39,0.0,0.0,0.0,0.41,0.0,0.0,0.0
0.0,0.0,0.0,0.0,0.0,0.0,0.0,0.0,0.0,0.0,0.0,0.0,0.0,0.0,0.0,0.0,0.0,0.0,0.0,0.0,0.0
0.0,0.0,0.0,0.0,0.0,0.0,0.0,0.0,0.0,0.0,0.0,0.0,0.0,0.0,0.0,0.0,0.0,0.0,0.0,0.0,0.0
0.0,0.0,0.0,0.0,0.0,0.0,0.0,0.0,0.0,0.0,0.0,0.0,0.0,0.0,0.0,0.0,0.0,0.0,0.0,0.0,0.0
0.0,0.0,0.06,0.0,0.0,0.0,0.0,0.0,0.0,0.0,0.0,0.0,0.0,0.0,0.0,0.0,0.0,0.0,0.0,0.0,0.0
0.0,0.0,0.74,0.0,0.0,0.0,0.0,0.0,0.0,0.0,0.0,0.0,0.0,0.17,0.0,0.0,0.0,0.02,0.0,0.0,0.02
0.0,0.0,0.71,0.0,0.0,0.0,0.0,0.0,0.0,0.0,0.0,0.0,0.0,0.14,0.0,0.0,0.0,0.03,0.0,0.13,0.26
0.0,0.0,0.0,0.0,0.0,0.0,0.0,0.0,0.0,0.0,0.0,0.0,0.0,0.0,0.0,0.0,0.0,0.0,0.0,0.0,0.0
0.0,0.0,0.0,0.0,0.0,0.0,0.0,0.0,0.0,0.0,0.0,0.0,0.0,0.0,0.0,0.0,0.0,0.0,0.0,0.0,0.0
0.0,0.0,0.0,0.0,0.0,0.0,0.0,0.0,0.0,0.0,0.0,0.0,0.0,0.0,0.0,0.0,0.0,0.0,0.0,0.0,0.0
0.0,0.0,0.0,0.0,0.0,0.0,0.0,0.0,0.0,0.0,0.0,0.0,0.0,0.0,0.0,0.0,0.0,0.0,0.0,0.0,0.0
0.0,0.0,0.0,0.0,0.0,0.0,0.0,0.0,0.0,0.0,0.0,0.0,0.0,0.0,0.0,0.0,0.0,0.0,0.0,0.0,0.0
0.0,0.0,0.0,0.0,0.0,0.0,0.0,0.0,0.0,0.0,0.0,0.0,0.0,0.0,0.0,0.0,0.0,0.0,0.0,0.0,0.0
0.0,0.0,0.0,0.0,0.0,0.0,0.0,0.0,0.0,0.0,0.0,0.0,0.0,0.0,0.0,0.0,0.0,0.0,0.0,0.0,0.0
0.0,0.0,0.91,0.0,0.0,0.0,0.2,0.0,0.0,0.0,0.0,0.0,0.0,0.48,0.0,0.03,0.0,0.11,0.0,0.0,0.05
0.0,0.0,0.0,0.0,0.0,0.0,0.01,1.0,0.0,0.0,0.0,0.0,0.0,0.0,0.0,0.0,0.0,0.0,0.0,0.0,0.0
0.0,0.0,0.0,0.0,0.03,0.0,0.13,1.0,0.0,0.0,0.0,0.0,0.0,0.0,0.0,0.0,0.0,0.0,0.0,0.0,0.0
0.0,0.0,0.0,0.0,0.0,0.0,0.2,0.6,0.17,0.05,0.0,0.0,0.0,0.0,0.0,0.0,0.0,0.0,0.0,0.0,0.0
0.0,0.0,0.0,0.0,0.07,0.0,0.22,0.23,0.0,0.09,0.0,0.0,0.0,0.0,0.0,0.0,0.0,0.2,0.0,0.0,0.02
0.0,0.0,0.0,0.0,0.13,0.07,0.06,0.07,0.0,0.06,0.0,0.0,0.0,0.02,0.0,0.0,0.0,0.0,0.0,0.0,0.01
0.0,0.0,0.0,0.0,0.51,0.0,0.0,0.05,0.0,0.0,0.0,0.0,0.0,0.0,0.0,0.03,0.0,0.05,0.0,0.0,0.0
0.0,0.0,0.0,0.15,0.0,0.0,0.11,0.28,0.0,0.0,0.0,0.1,0.0,0.0,0.0,0.06,0.0,0.01,0.0,0.0,0.06
0.0,0.0,0.0,0.46,0.0,0.0,0.12,0.0,0.0,0.0,0.0,0.06,0.0,0.0,0.2,0.0,0.0,0.16,0.0,0.0,0.0
0.0,0.0,0.0,0.0,0.0,0.0,0.21,0.03,0.0,0.46,0.0,0.01,0.0,0.04,0.06,0.0,0.0,0.23,0.0,0.0,0.0
0.0,0.02,0.0,0.0,0.0,0.0,0.37,0.0,0.0,0.08,0.0,0.0,0.0,0.0,0.03,0.0,0.0,0.5,0.0,0.0,0.0
0.0,0.41,0.0,0.0,0.0,0.0,0.21,0.0,0.0,0.02,0.0,0.0,0.0,0.0,0.0,0.0,0.0,0.0,0.0,0.0,0.0
0.0,0.08,0.0,0.0,0.0,0.0,0.27,0.0,0.0,0.01,0.0,0.0,0.0,0.12,0.0,0.0,0.0,0.0,0.0,0.01,0.0
0.03,0.0,0.0,0.0,0.0,0.0,0.24,0.0,0.0,0.14,0.0,0.0,0.0,0.11,0.0,0.0,0.0,0.0,0.0,0.03,0.0
0.0,0.0,0.0,0.0,0.0,0.0,0.45,0.0,0.0,0.15,0.0,0.0,0.0,0.0,0.04,0.0,0.0,0.0,0.0,0.0,0.0
0.0,0.0,0.0,0.0,0.0,0.0,0.6,0.0,0.0,0.37,0.0,0.0,0.0,0.03,0.03,0.0,0.0,0.01,0.0,0.0,0.01
0.05,0.0,0.0,0.0,0.0,0.0,0.31,0.0,0.0,0.03,0.0,0.0,0.0,0.0,0.0,0.0,0.0,0.34,0.0,0.0,0.0
0.01,0.0,0.0,0.0,0.0,0.0,0.43,0.11,0.0,0.05,0.0,0.0,0.0,0.11,0.32,0.0,0.0,0.02,0.0,0.27,0.0
0.0,0.0,0.0,0.0,0.0,0.0,0.0,0.0,0.0,0.0,0.0,0.0,0.0,0.0,1.0,0.0,0.0,0.1,0.0,0.78,0.0
0.0,0.0,0.0,0.0,0.02,0.0,0.0,0.35,0.0,0.0,0.0,0.07,0.0,0.0,0.1,0.0,0.0,0.21,0.0,0.01,0.0
0.0,0.0,0.0,0.0,0.07,0.0,0.0,0.16,0.0,0.0,0.0,0.0,0.0,0.0,0.0,0.0,0.0,0.03,0.0,0.0,0.0
0.0,0.0,0.0,0.0,0.01,0.0,0.01,0.18,0.0,0.0,0.0,0.0,0.0,0.0,0.0,0.0,0.1,0.19,0.0,0.0,0.0
0.0,0.0,0.0,0.0,0.08,0.0,0.0,0.15,0.37,0.0,0.0,0.0,0.0,0.01,0.0,0.0,0.03,0.06,0.0,0.0,0.0
0.0,0.0,0.0,0.0,0.08,0.0,0.0,0.1,0.0,0.0,0.0,0.0,0.0,0.0,0.0,0.0,0.0,0.32,0.0,0.0,0.0
0.0,0.0,0.0,0.0,0.0,0.0,0.0,0.1,0.0,0.0,0.0,0.0,0.0,0.0,0.12,0.0,0.0,0.27,0.0,0.0,0.0
0.0,0.0,0.0,0.0,0.01,0.0,0.0,0.02,0.0,0.0,0.0,0.0,0.0,0.0,0.01,0.0,0.0,0.58,0.0,0.0,0.0
0.0,0.0,0.0,0.0,0.42,0.0,0.01,0.1,0.02,0.0,0.0,0.0,0.0,0.01,0.02,0.0,0.0,0.13,0.0,0.0,0.0
0.0,0.0,0.0,0.0,0.05,0.0,0.0,0.19,0.02,0.0,0.0,0.0,0.0,0.03,0.04,0.0,0.0,0.22,0.0,0.0,0.0
0.0,0.0,0.0,0.0,0.03,0.0,0.0,0.23,0.0,0.0,0.0,0.0,0.0,0.02,0.07,0.0,0.0,0.17,0.0,0.0,0.0
0.0,0.0,0.0,0.0,0.13,0.0,0.0,0.33,0.03,0.0,0.0,0.0,0.0,0.1,0.0,0.0,0.04,0.05,0.0,0.0,0.0
0.0,0.0,0.0,0.03,0.11,0.0,0.0,0.12,0.1,0.0,0.0,0.0,0.0,0.0,0.0,0.0,0.0,0.09,0.0,0.0,0.0
0.0,0.0,0.0,0.0,0.01,0.0,0.0,0.13,0.04,0.0,0.0,0.0,0.0,0.01,0.0,0.0,0.0,0.05,0.0,0.0,0.0
0.0,0.0,0.0,0.0,0.09,0.0,0.0,0.05,0.1,0.0,0.0,0.0,0.0,0.0,0.0,0.0,0.18,0.0,0.0,0.0,0.0
0.0,0.0,0.0,0.0,0.73,0.0,0.0,0.0,0.16,0.0,0.0,0.0,0.0,0.0,0.0,0.0,0.02,0.09,0.0,0.0,0.0
0.0,0.0,0.0,0.0,0.0,0.0,0.0,0.43,0.0,0.0,0.0,0.0,0.0,0.0,0.05,0.0,0.0,0.52,0.0,0.0,0.0
0.0,0.0,0.04,0.0,0.0,0.0,0.0,0.81,0.0,0.0,0.0,0.0,0.0,0.08,0.0,0.0,0.0,0.04,0.0,0.0,0.0
0.0,0.0,0.09,0.0,0.0,0.0,0.0,0.03,0.0,0.0,0.0,0.0,0.0,0.04,0.0,0.0,0.0,0.0,0.0,0.0,0.0
0.0,0.0,0.0,0.0,0.0,0.0,0.0,0.0,0.0,0.0,0.0,0.0,0.0,0.0,0.0,0.0,0.0,0.0,0.0,0.0,0.0
0.0,0.0,0.0,0.0,0.0,0.0,0.0,0.0,0.0,0.0,0.0,0.0,0.0,0.0,0.0,0.0,0.0,0.0,0.0,0.0,0.0
0.0,0.0,0.0,0.0,0.0,0.0,0.0,0.0,0.0,0.0,0.0,0.0,0.0,0.0,0.0,0.0,0.0,0.0,0.0,0.0,0.0
0.0,0.0,0.0,0.0,0.0,0.0,0.0,0.0,0.0,0.0,0.0,0.0,0.0,0.0,0.0,0.0,0.0,0.0,0.0,0.0,0.0
0.0,0.0,0.17,0.0,0.0,0.0,0.0,0.0,0.0,0.0,0.0,0.0,0.0,0.0,0.0,0.0,0.0,0.06,0.0,0.0,0.0
0.0,0.0,0.98,0.0,0.0,0.0,0.1,0.0,0.0,0.0,0.0,0.0,0.0,0.11,0.05,0.0,0.0,0.63,0.0,0.0,0.0
0.0,0.0,0.35,0.0,0.0,0.0,0.01,0.0,0.0,0.0,0.0,0.0,0.0,0.07,0.0,0.0,0.0,0.0,0.0,0.0,0.0
0.0,0.0,0.15,0.0,0.0,0.0,0.0,0.0,0.0,0.0,0.0,0.0,0.0,0.0,0.0,0.0,0.0,0.0,0.0,0.0,0.0
0.0,0.0,0.0,0.0,0.0,0.0,0.0,0.0,0.0,0.0,0.0,0.0,0.0,0.0,0.0,0.0,0.0,0.0,0.0,0.0,0.0
0.0,0.0,0.14,0.0,0.0,0.0,0.0,0.0,0.0,0.0,0.0,0.0,0.0,0.09,0.0,0.0,0.0,0.0,0.0,0.0,0.0
0.0,0.0,0.0,0.0,0.0,0.0,0.0,0.0,0.0,0.0,0.0,0.0,0.0,0.0,0.0,0.0,0.0,0.0,0.0,0.0,0.0
0.0,0.0,0.0,0.0,0.0,0.0,0.0,0.0,0.0,0.0,0.0,0.0,0.0,0.0,0.0,0.0,0.0,0.0,0.0,0.0,0.0
0.0,0.0,0.0,0.0,0.0,0.0,0.0,0.0,0.0,0.0,0.0,0.0,0.0,0.0,0.0,0.0,0.0,0.0,0.0,0.0,0.0
0.0,0.0,0.55,0.0,0.0,0.0,0.11,0.0,0.0,0.0,0.0,0.0,0.0,0.38,0.0,0.0,0.0,0.01,0.0,0.0,0.01
0.0,0.0,0.0,0.0,0.0,0.0,0.07,1.0,0.0,0.0,0.0,0.0,0.0,0.0,0.0,0.0,0.0,0.0,0.0,0.0,0.0
0.0,0.0,0.0,0.0,0.0,0.0,0.06,1.0,0.0,0.0,0.0,0.0,0.0,0.0,0.0,0.0,0.0,0.0,0.0,0.0,0.0
0.0,0.0,0.0,0.0,0.0,0.0,0.08,0.93,0.0,0.0,0.0,0.0,0.0,0.0,0.0,0.0,0.0,0.04,0.0,0.0,0.0
0.0,0.0,0.0,0.0,0.0,0.0,0.14,0.4,0.0,0.0,0.0,0.0,0.0,0.0,0.17,0.01,0.0,0.09,0.0,0.0,0.0
0.0,0.0,0.0,0.0,0.0,0.0,0.13,0.29,0.04,0.0,0.0,0.0,0.0,0.03,0.0,0.0,0.0,0.0,0.0,0.0,0.0
0.0,0.0,0.0,0.0,0.85,0.0,0.06,0.05,0.0,0.0,0.0,0.0,0.0,0.0,0.0,0.02,0.0,0.0,0.0,0.0,0.0
0.0,0.0,0.0,0.06,0.49,0.0,0.0,0.05,0.0,0.0,0.0,0.0,0.0,0.0,0.0,0.01,0.0,0.0,0.0,0.0,0.0
0.0,0.0,0.0,0.61,0.3,0.0,0.0,0.02,0.0,0.0,0.0,0.0,0.0,0.0,0.0,0.0,0.0,0.0,0.0,0.0,0.0
0.0,0.0,0.0,0.03,0.04,0.0,0.14,0.07,0.0,0.02,0.0,0.0,0.0,0.0,0.13,0.0,0.0,0.01,0.0,0.0,0.0
0.0,0.0,0.0,0.0,0.0,0.0,0.21,0.0,0.0,0.1,0.0,0.01,0.0,0.0,0.17,0.0,0.0,0.51,0.0,0.0,0.0
0.0,0.0,0.0,0.0,0.0,0.0,0.15,0.04,0.0,0.22,0.0,0.0,0.0,0.0,0.0,0.12,0.0,0.16,0.0,0.0,0.0
0.0,0.0,0.0,0.0,0.0,0.0,0.04,0.0,0.0,0.86,0.0,0.0,0.0,0.03,0.0,0.0,0.0,0.0,0.0,0.0,0.0
0.03,0.0,0.0,0.0,0.0,0.0,0.08,0.0,0.0,0.7,0.0,0.0,0.0,0.01,0.0,0.0,0.0,0.0,0.0,0.0,0.0
0.0,0.0,0.0,0.0,0.0,0.0,0.24,0.0,0.0,0.05,0.0,0.0,0.0,0.0,0.0,0.0,0.0,0.0,0.0,0.0,0.0
0.0,0.0,0.0,0.0,0.0,0.0,0.53,0.0,0.0,0.36,0.0,0.0,0.0,0.02,0.0,0.0,0.0,0.2,0.0,0.0,0.01
0.03,0.0,0.0,0.0,0.0,0.0,0.6,0.0,0.0,0.42,0.0,0.0,0.0,0.0,0.0,0.0,0.0,0.0,0.0,0.11,0.0
0.08,0.0,0.0,0.0,0.0,0.0,0.21,0.4,0.0,0.29,0.0,0.0,0.0,0.0,0.02,0.0,0.0,0.0,0.0,0.0,0.0
0.0,0.0,0.0,0.0,0.0,0.0,0.37,0.07,0.0,0.0,0.0,0.0,0.0,0.0,0.56,0.0,0.0,0.01,0.0,0.31,0.0
0.0,0.0,0.0,0.0,0.07,0.0,0.07,0.05,0.0,0.0,0.0,0.03,0.0,0.0,0.02,0.0,0.0,0.03,0.0,0.0,0.0
0.0,0.0,0.0,0.0,0.16,0.0,0.01,0.1,0.03,0.0,0.0,0.06,0.0,0.01,0.0,0.0,0.0,0.09,0.0,0.0,0.0
0.0,0.0,0.0,0.0,0.0,0.0,0.0,0.1,0.0,0.0,0.0,0.0,0.0,0.0,0.02,0.0,0.0,0.14,0.0,0.0,0.0
0.05,0.0,0.0,0.0,0.2,0.0,0.0,0.03,0.18,0.0,0.0,0.0,0.0,0.13,0.0,0.02,0.04,0.06,0.09,0.0,0.0
0.0,0.0,0.0,0.0,0.02,0.0,0.03,0.07,0.0,0.0,0.0,0.0,0.0,0.0,0.07,0.0,0.0,0.34,0.0,0.0,0.0
0.0,0.0,0.0,0.0,0.06,0.0,0.01,0.11,0.0,0.0,0.0,0.0,0.0,0.01,0.17,0.09,0.0,0.16,0.0,0.0,0.0
0.0,0.0,0.0,0.0,0.0,0.0,0.0,0.1,0.0,0.0,0.0,0.0,0.0,0.0,0.35,0.0,0.0,0.23,0.0,0.0,0.0
0.0,0.0,0.0,0.0,0.2,0.0,0.0,0.19,0.0,0.0,0.0,0.0,0.0,0.08,0.0,0.0,0.0,0.24,0.0,0.0,0.0
0.0,0.0,0.0,0.0,0.02,0.0,0.0,0.22,0.0,0.0,0.0,0.0,0.0,0.0,0.0,0.0,0.0,0.18,0.0,0.0,0.0
0.0,0.0,0.0,0.0,0.07,0.0,0.0,0.24,0.0,0.0,0.0,0.0,0.0,0.15,0.02,0.0,0.0,0.16,0.0,0.0,0.0
0.0,0.0,0.0,0.0,0.11,0.0,0.01,0.06,0.26,0.0,0.0,0.0,0.0,0.04,0.0,0.0,0.08,0.02,0.0,0.0,0.0
0.0,0.0,0.0,0.0,0.15,0.0,0.0,0.14,0.33,0.0,0.0,0.0,0.0,0.0,0.0,0.0,0.0,0.02,0.0,0.0,0.0
0.0,0.0,0.0,0.0,0.05,0.0,0.0,0.12,0.0,0.0,0.0,0.0,0.0,0.0,0.0,0.0,0.0,0.25,0.0,0.0,0.0
0.0,0.0,0.0,0.0,0.0,0.0,0.0,0.13,0.07,0.0,0.0,0.0,0.0,0.0,0.0,0.0,0.51,0.04,0.0,0.0,0.0
0.0,0.0,0.0,0.0,0.52,0.0,0.0,0.0,0.0,0.0,0.0,0.0,0.0,0.0,0.03,0.0,0.06,0.14,0.0,0.0,0.0
0.0,0.0,0.1,0.0,0.16,0.0,0.0,0.43,0.0,0.0,0.0,0.0,0.0,0.0,0.26,0.0,0.0,0.0,0.0,0.0,0.0
0.0,0.0,0.11,0.0,0.0,0.0,0.0,0.17,0.0,0.0,0.0,0.0,0.0,0.0,0.0,0.0,0.0,0.0,0.0,0.0,0.0
0.0,0.0,0.0,0.0,0.0,0.0,0.0,0.0,0.0,0.0,0.0,0.0,0.0,0.0,0.0,0.0,0.0,0.0,0.0,0.0,0.0
0.0,0.0,0.0,0.0,0.0,0.0,0.0,0.0,0.0,0.0,0.0,0.0,0.0,0.0,0.0,0.0,0.0,0.0,0.0,0.0,0.0
0.0,0.0,0.0,0.0,0.0,0.0,0.0,0.0,0.0,0.0,0.0,0.0,0.0,0.0,0.0,0.0,0.0,0.0,0.0,0.0,0.0
0.0,0.0,0.0,0.0,0.0,0.0,0.0,0.0,0.0,0.0,0.0,0.0,0.0,0.0,0.0,0.0,0.0,0.0,0.0,0.0,0.0
0.0,0.0,0.0,0.0,0.0,0.0,0.0,0.0,0.0,0.0,0.0,0.0,0.0,0.0,0.0,0.0,0.0,0.0,0.0,0.0,0.0
0.0,0.0,0.0,0.0,0.0,0.0,0.0,0.0,0.0,0.0,0.0,0.0,0.0,0.0,0.0,0.0,0.0,0.0,0.0,0.0,0.0
0.0,0.0,0.47,0.0,0.0,0.0,0.08,0.0,0.0,0.0,0.0,0.0,0.0,0.0,0.07,0.0,0.0,0.0,0.0,0.0,0.0
0.0,0.0,0.77,0.0,0.0,0.0,0.22,0.0,0.0,0.0,0.0,0.0,0.0,0.22,0.01,0.0,0.0,0.0,0.0,0.0,0.03
0.0,0.0,0.25,0.0,0.0,0.0,0.0,0.0,0.0,0.0,0.0,0.0,0.0,0.02,0.0,0.0,0.0,0.0,0.0,0.0,0.0
0.0,0.0,0.0,0.0,0.0,0.0,0.0,0.0,0.0,0.0,0.0,0.0,0.0,0.0,0.0,0.0,0.0,0.0,0.0,0.0,0.0
0.0,0.0,0.49,0.0,0.0,0.0,0.0,0.0,0.0,0.0,0.0,0.0,0.0,0.35,0.0,0.0,0.0,0.0,0.04,0.0,0.0
0.0,0.0,0.31,0.0,0.0,0.0,0.0,0.0,0.0,0.0,0.0,0.0,0.0,0.14,0.0,0.0,0.0,0.0,0.0,0.0,0.0
0.0,0.0,0.0,0.0,0.0,0.0,0.0,0.0,0.0,0.0,0.0,0.0,0.0,0.0,0.0,0.0,0.0,0.0,0.0,0.0,0.0
0.0,0.0,0.0,0.0,0.0,0.0,0.0,0.0,0.0,0.0,0.0,0.0,0.0,0.0,0.0,0.0,0.0,0.0,0.0,0.0,0.0
0.0,0.0,0.41,0.0,0.0,0.0,0.02,0.0,0.0,0.0,0.0,0.0,0.0,0.28,0.0,0.0,0.0,0.0,0.0,0.0,0.0
0.0,0.0,0.0,0.0,0.02,0.0,0.0,0.86,0.0,0.0,0.0,0.0,0.0,0.0,0.02,0.0,0.01,0.11,0.0,0.0,0.0
0.0,0.0,0.0,0.0,0.0,0.0,0.0,0.71,0.0,0.0,0.0,0.0,0.0,0.0,0.25,0.0,0.0,0.03,0.0,0.0,0.0
0.0,0.0,0.0,0.0,0.28,0.0,0.16,0.44,0.0,0.0,0.0,0.0,0.0,0.0,0.0,0.0,0.0,0.02,0.0,0.0,0.0
0.0,0.0,0.0,0.0,0.04,0.0,0.22,0.11,0.0,0.0,0.0,0.0,0.0,0.0,0.0,0.07,0.0,0.0,0.0,0.0,0.01
0.0,0.0,0.0,0.0,0.0,0.0,0.62,0.32,0.0,0.0,0.0,0.0,0.0,0.0,0.0,0.0,0.0,0.0,0.0,0.0,0.06
0.0,0.0,0.0,0.0,0.17,0.0,0.84,0.0,0.0,0.0,0.0,0.0,0.0,0.0,0.0,0.0,0.0,0.03,0.0,0.0,0.02
0.0,0.0,0.0,0.0,0.22,0.0,0.16,0.0,0.0,0.0,0.0,0.0,0.0,0.0,0.0,0.0,0.0,0.0,0.0,0.58,0.03
0.0,0.0,0.0,0.0,0.61,0.0,0.09,0.01,0.0,0.11,0.0,0.0,0.0,0.0,0.03,0.0,0.0,0.0,0.0,0.01,0.01
0.0,0.0,0.0,0.0,0.25,0.0,0.08,0.02,0.0,0.0,0.0,0.23,0.0,0.02,0.24,0.0,0.0,0.14,0.0,0.0,0.0
0.0,0.0,0.0,0.0,0.0,0.0,0.05,0.0,0.0,0.22,0.0,0.67,0.0,0.01,0.0,0.0,0.0,0.06,0.0,0.0,0.0
0.0,0.0,0.0,0.0,0.0,0.0,0.23,0.0,0.0,0.37,0.0,0.02,0.0,0.0,0.0,0.0,0.0,0.21,0.0,0.0,0.0
0.0,0.0,0.0,0.0,0.0,0.0,0.07,0.0,0.0,0.01,0.0,0.0,0.0,0.04,0.0,0.0,0.0,0.0,0.0,0.0,0.0
0.0,0.0,0.0,0.0,0.0,0.0,0.13,0.0,0.0,0.81,0.0,0.0,0.0,0.09,0.0,0.0,0.0,0.0,0.0,0.0,0.0
0.0,0.0,0.0,0.0,0.0,0.0,0.18,0.0,0.0,0.89,0.0,0.0,0.0,0.0,0.02,0.0,0.0,0.0,0.0,0.0,0.0
0.0,0.0,0.0,0.0,0.0,0.0,0.03,0.0,0.0,0.72,0.0,0.0,0.0,0.0,0.0,0.0,0.0,0.1,0.0,0.0,0.0
0.0,0.0,0.0,0.0,0.0,0.0,0.11,0.0,0.0,0.71,0.0,0.0,0.0,0.0,0.0,0.0,0.0,0.0,0.0,0.0,0.0
0.0,0.0,0.0,0.0,0.0,0.0,0.32,0.06,0.0,0.39,0.0,0.0,0.0,0.0,0.0,0.0,0.0,0.0,0.0,0.0,0.0
0.0,0.0,0.0,0.0,0.0,0.0,0.31,0.01,0.0,0.0,0.0,0.0,0.0,0.0,0.27,0.0,0.0,0.0,0.0,0.01,0.0
0.0,0.0,0.0,0.0,0.05,0.0,0.28,0.09,0.0,0.0,0.0,0.0,0.0,0.0,0.15,0.0,0.0,0.01,0.0,0.0,0.0
0.0,0.0,0.0,0.0,0.04,0.0,0.0,0.11,0.0,0.0,0.0,0.0,0.0,0.0,0.0,0.0,0.0,0.37,0.0,0.0,0.0
0.0,0.0,0.0,0.0,0.12,0.0,0.0,0.51,0.0,0.0,0.0,0.0,0.0,0.0,0.0,0.0,0.0,0.11,0.0,0.0,0.0
0.0,0.0,0.0,0.0,0.2,0.0,0.0,0.01,0.0,0.0,0.0,0.0,0.0,0.0,0.03,0.04,0.2,0.02,0.0,0.0,0.0
0.0,0.0,0.0,0.0,0.23,0.0,0.02,0.2,0.02,0.0,0.0,0.0,0.0,0.01,0.16,0.0,0.02,0.14,0.0,0.0,0.0
0.0,0.0,0.0,0.0,0.0,0.0,0.08,0.03,0.0,0.0,0.0,0.32,0.0,0.06,0.02,0.0,0.0,0.16,0.0,0.0,0.0
0.0,0.0,0.0,0.0,0.03,0.0,0.08,0.01,0.0,0.0,0.0,0.0,0.0,0.0,0.01,0.0,0.0,0.17,0.0,0.0,0.0
0.0,0.0,0.0,0.0,0.02,0.0,0.07,0.11,0.0,0.0,0.0,0.0,0.0,0.0,0.0,0.0,0.0,0.49,0.0,0.0,0.0
0.0,0.0,0.0,0.0,0.04,0.0,0.0,0.17,0.03,0.0,0.0,0.0,0.0,0.01,0.0,0.0,0.0,0.32,0.0,0.0,0.0
0.0,0.0,0.0,0.0,0.2,0.0,0.0,0.18,0.04,0.0,0.0,0.0,0.0,0.03,0.0,0.0,0.0,0.31,0.0,0.0,0.0
0.0,0.0,0.0,0.0,0.23,0.0,0.01,0.06,0.41,0.0,0.0,0.0,0.0,0.0,0.0,0.0,0.08,0.01,0.0,0.0,0.0
0.0,0.0,0.0,0.0,0.51,0.0,0.0,0.02,0.44,0.0,0.0,0.0,0.0,0.0,0.0,0.0,0.0,0.0,0.0,0.0,0.0
0.0,0.0,0.0,0.0,0.16,0.01,0.0,0.14,0.07,0.0,0.0,0.0,0.0,0.0,0.0,0.0,0.0,0.07,0.0,0.0,0.0
0.0,0.0,0.0,0.0,0.02,0.0,0.0,0.19,0.26,0.0,0.0,0.0,0.0,0.0,0.16,0.0,0.54,0.0,0.0,0.0,0.0
0.0,0.0,0.24,0.0,0.09,0.0,0.0,0.0,0.0,0.0,0.0,0.0,0.0,0.0,0.01,0.0,0.0,0.0,0.0,0.0,0.0
0.0,0.0,0.1,0.0,0.06,0.0,0.0,0.0,0.0,0.0,0.0,0.0,0.0,0.0,0.01,0.0,0.0,0.0,0.0,0.0,0.0
0.0,0.0,0.0,0.0,0.0,0.0,0.0,0.0,0.0,0.0,0.0,0.0,0.0,0.0,0.0,0.0,0.0,0.0,0.0,0.0,0.0
0.0,0.0,0.0,0.0,0.0,0.0,0.0,0.0,0.0,0.0,0.0,0.0,0.0,0.0,0.0,0.0,0.0,0.0,0.0,0.0,0.0
0.0,0.0,0.0,0.0,0.0,0.0,0.0,0.0,0.0,0.0,0.0,0.0,0.0,0.0,0.0,0.0,0.0,0.0,0.0,0.0,0.0
0.0,0.0,0.0,0.0,0.0,0.0,0.0,0.0,0.0,0.0,0.0,0.0,0.0,0.0,0.0,0.0,0.0,0.0,0.0,0.0,0.0
0.0,0.0,0.0,0.0,0.0,0.0,0.0,0.0,0.0,0.0,0.0,0.0,0.0,0.0,0.0,0.0,0.0,0.0,0.0,0.0,0.0
0.0,0.0,0.0,0.0,0.0,0.0,0.0,0.0,0.0,0.0,0.0,0.0,0.0,0.0,0.0,0.0,0.0,0.0,0.0,0.0,0.0
0.0,0.0,0.0,0.0,0.0,0.0,0.0,0.0,0.0,0.0,0.0,0.0,0.0,0.0,0.0,0.0,0.0,0.0,0.0,0.0,0.0
0.0,0.0,0.0,0.0,0.0,0.0,0.0,0.0,0.0,0.0,0.0,0.0,0.0,0.0,0.0,0.0,0.0,0.0,0.0,0.0,0.0
0.0,0.0,0.0,0.0,0.0,0.0,0.0,0.0,0.0,0.0,0.0,0.0,0.0,0.0,0.0,0.0,0.0,0.0,0.0,0.0,0.0
0.0,0.0,0.0,0.0,0.0,0.0,0.0,0.0,0.0,0.0,0.0,0.0,0.0,0.0,0.0,0.0,0.0,0.0,0.0,0.0,0.0
0.0,0.0,0.0,0.0,0.0,0.0,0.0,0.0,0.0,0.0,0.0,0.0,0.0,0.0,0.0,0.0,0.0,0.0,0.0,0.0,0.0
0.0,0.0,0.53,0.0,0.0,0.0,0.0,0.0,0.0,0.0,0.0,0.0,0.0,0.46,0.0,0.0,0.0,0.0,0.0,0.0,0.0
0.0,0.0,0.39,0.0,0.0,0.0,0.0,0.0,0.0,0.0,0.0,0.0,0.0,0.1,0.0,0.0,0.0,0.0,0.0,0.0,0.0
0.0,0.0,0.0,0.0,0.0,0.0,0.0,0.0,0.0,0.0,0.0,0.0,0.0,0.0,0.0,0.0,0.0,0.0,0.0,0.0,0.0
0.0,0.0,0.0,0.0,0.0,0.0,0.0,0.0,0.0,0.0,0.0,0.0,0.0,0.0,0.0,0.0,0.0,0.0,0.0,0.0,0.0
0.0,0.0,0.09,0.0,0.0,0.0,0.0,0.0,0.0,0.0,0.0,0.0,0.0,0.01,0.0,0.0,0.0,0.01,0.0,0.0,0.0
0.0,0.0,0.0,0.0,0.02,0.0,0.0,0.25,0.0,0.0,0.0,0.0,0.0,0.0,0.0,0.0,0.09,0.0,0.0,0.5,0.0
0.0,0.0,0.0,0.0,0.02,0.0,0.06,0.39,0.0,0.0,0.0,0.0,0.0,0.01,0.24,0.0,0.0,0.02,0.0,0.0,0.0
0.0,0.0,0.0,0.0,0.36,0.0,0.11,0.17,0.0,0.0,0.0,0.0,0.0,0.03,0.0,0.0,0.0,0.1,0.0,0.0,0.0
0.0,0.0,0.0,0.0,0.0,0.0,0.27,0.47,0.0,0.0,0.0,0.0,0.0,0.0,0.0,0.0,0.0,0.0,0.0,0.0,0.09
0.0,0.0,0.0,0.0,0.0,0.0,1.0,0.0,0.0,0.0,0.0,0.0,0.0,0.0,0.0,0.0,0.0,0.07,0.0,0.0,0.03
0.0,0.0,0.0,0.0,0.0,0.0,0.97,0.0,0.0,0.0,0.0,0.0,0.0,0.0,0.0,0.0,0.0,0.19,0.0,0.0,0.07
0.0,0.0,0.0,0.0,0.0,0.0,0.31,0.0,0.0,0.0,0.0,0.0,0.0,0.0,0.0,0.0,0.01,0.0,0.0,0.12,0.18
0.0,0.0,0.0,0.0,0.06,0.0,0.17,0.0,0.0,0.17,0.0,0.0,0.0,0.0,0.1,0.0,0.08,0.0,0.0,0.01,0.04
0.0,0.0,0.0,0.0,0.0,0.0,0.02,0.0,0.0,0.05,0.0,0.52,0.0,0.0,0.18,0.0,0.01,0.22,0.0,0.0,0.0
0.0,0.0,0.0,0.0,0.0,0.0,0.02,0.0,0.0,0.01,0.0,0.9,0.0,0.0,0.0,0.0,0.0,0.07,0.0,0.0,0.0
0.0,0.0,0.0,0.0,0.02,0.0,0.45,0.0,0.0,0.0,0.0,0.3,0.0,0.0,0.0,0.0,0.0,0.23,0.0,0.0,0.0
0.0,0.0,0.0,0.0,0.33,0.0,0.03,0.03,0.0,0.25,0.0,0.09,0.0,0.03,0.0,0.0,0.0,0.09,0.0,0.0,0.0
0.0,0.0,0.0,0.0,0.0,0.0,0.0,0.3,0.0,0.2,0.0,0.15,0.0,0.0,0.0,0.0,0.0,0.04,0.0,0.0,0.0
0.0,0.0,0.0,0.0,0.0,0.0,0.08,0.02,0.0,0.06,0.0,0.04,0.0,0.0,0.25,0.0,0.0,0.0,0.0,0.43,0.0
0.0,0.0,0.0,0.0,0.0,0.0,0.04,0.0,0.0,0.03,0.0,0.0,0.0,0.0,0.11,0.0,0.0,0.0,0.0,0.2,0.0
0.0,0.0,0.0,0.0,0.0,0.0,0.62,0.04,0.0,0.04,0.0,0.07,0.0,0.0,0.0,0.0,0.0,0.15,0.0,0.0,0.0
0.0,0.0,0.0,0.0,0.06,0.0,0.08,0.21,0.0,0.02,0.0,0.01,0.0,0.0,0.01,0.0,0.0,0.0,0.0,0.0,0.0
0.0,0.0,0.0,0.0,0.0,0.0,0.03,0.13,0.0,0.0,0.0,0.29,0.0,0.0,0.16,0.0,0.0,0.0,0.0,0.0,0.0
0.0,0.0,0.0,0.0,0.01,0.0,0.42,0.04,0.0,0.0,0.0,0.0,0.0,0.0,0.33,0.0,0.0,0.0,0.0,0.08,0.0
0.0,0.0,0.0,0.0,0.22,0.0,0.0,0.02,0.0,0.0,0.0,0.0,0.0,0.0,0.11,0.0,0.0,0.57,0.0,0.0,0.0
0.0,0.0,0.0,0.0,0.02,0.0,0.0,0.05,0.07,0.0,0.0,0.0,0.0,0.0,0.02,0.0,0.0,0.36,0.0,0.0,0.0
0.0,0.0,0.0,0.0,0.15,0.0,0.02,0.76,0.11,0.02,0.0,0.0,0.0,0.0,0.0,0.0,0.02,0.01,0.0,0.0,0.0
0.0,0.0,0.0,0.0,0.26,0.0,0.0,0.23,0.0,0.0,0.0,0.0,0.0,0.0,0.0,0.0,0.11,0.13,0.0,0.0,0.0
0.0,0.0,0.0,0.0,0.0,0.0,0.01,0.22,0.03,0.0,0.0,0.05,0.0,0.0,0.0,0.0,0.0,0.31,0.0,0.0,0.0
0.0,0.0,0.0,0.0,0.0,0.0,0.04,0.1,0.19,0.0,0.0,0.11,0.0,0.0,0.03,0.03,0.0,0.09,0.0,0.0,0.0
0.0,0.0,0.0,0.0,0.25,0.0,0.0,0.12,0.0,0.0,0.0,0.0,0.0,0.0,0.01,0.0,0.0,0.24,0.0,0.0,0.0
0.0,0.0,0.0,0.0,0.1,0.0,0.0,0.11,0.05,0.0,0.0,0.0,0.0,0.0,0.0,0.0,0.0,0.31,0.0,0.0,0.0
0.0,0.0,0.0,0.0,0.29,0.02,0.0,0.19,0.19,0.0,0.0,0.0,0.0,0.01,0.02,0.0,0.01,0.19,0.0,0.0,0.0
0.0,0.0,0.0,0.0,0.21,0.03,0.0,0.02,0.24,0.0,0.0,0.0,0.0,0.0,0.36,0.0,0.06,0.0,0.0,0.0,0.0
0.0,0.0,0.0,0.0,0.59,0.0,0.0,0.03,0.36,0.0,0.0,0.0,0.0,0.0,0.0,0.0,0.0,0.0,0.0,0.0,0.0
0.0,0.0,0.0,0.0,0.33,0.01,0.0,0.04,0.04,0.0,0.0,0.0,0.0,0.0,0.0,0.0,0.25,0.01,0.0,0.0,0.0
0.0,0.0,0.0,0.0,0.0,0.0,0.0,0.7,0.02,0.0,0.0,0.0,0.0,0.0,0.22,0.0,0.08,0.0,0.0,0.0,0.0
0.0,0.0,0.22,0.0,0.0,0.0,0.0,0.0,0.0,0.0,0.0,0.0,0.0,0.0,0.1,0.0,0.0,0.0,0.0,0.0,0.0
0.0,0.0,0.0,0.0,0.0,0.0,0.0,0.0,0.0,0.0,0.0,0.0,0.0,0.0,0.0,0.0,0.0,0.0,0.0,0.0,0.0
0.0,0.0,0.0,0.0,0.0,0.0,0.0,0.0,0.0,0.0,0.0,0.0,0.0,0.0,0.0,0.0,0.0,0.0,0.0,0.0,0.0
0.0,0.0,0.0,0.0,0.0,0.0,0.0,0.0,0.0,0.0,0.0,0.0,0.0,0.0,0.0,0.0,0.0,0.0,0.0,0.0,0.0
0.0,0.0,0.0,0.0,0.0,0.0,0.0,0.0,0.0,0.0,0.0,0.0,0.0,0.0,0.0,0.0,0.0,0.0,0.0,0.0,0.0
0.0,0.0,0.0,0.0,0.0,0.0,0.0,0.0,0.0,0.0,0.0,0.0,0.0,0.0,0.0,0.0,0.0,0.0,0.0,0.0,0.0
0.0,0.0,0.0,0.0,0.0,0.0,0.0,0.0,0.0,0.0,0.0,0.0,0.0,0.0,0.0,0.0,0.0,0.0,0.0,0.0,0.0
0.0,0.0,0.0,0.0,0.0,0.0,0.0,0.0,0.0,0.0,0.0,0.0,0.0,0.0,0.0,0.0,0.0,0.0,0.0,0.0,0.0
0.0,0.0,0.0,0.0,0.0,0.0,0.0,0.0,0.0,0.0,0.0,0.0,0.0,0.0,0.0,0.0,0.0,0.0,0.0,0.0,0.0
0.0,0.0,0.0,0.0,0.0,0.0,0.0,0.0,0.0,0.0,0.0,0.0,0.0,0.0,0.0,0.0,0.0,0.0,0.0,0.0,0.0
0.0,0.0,0.0,0.0,0.0,0.0,0.0,0.0,0.0,0.0,0.0,0.0,0.0,0.0,0.0,0.0,0.0,0.0,0.0,0.0,0.0
0.0,0.0,0.0,0.0,0.0,0.0,0.0,0.0,0.0,0.0,0.0,0.0,0.0,0.0,0.0,0.0,0.0,0.0,0.0,0.0,0.0
0.0,0.0,0.19,0.0,0.0,0.0,0.0,0.0,0.0,0.0,0.0,0.0,0.0,0.06,0.0,0.0,0.0,0.0,0.0,0.0,0.0
0.0,0.0,0.98,0.0,0.0,0.0,0.0,0.0,0.0,0.0,0.0,0.0,0.0,0.92,0.0,0.0,0.0,0.0,0.0,0.0,0.0
0.0,0.0,0.37,0.0,0.0,0.0,0.0,0.0,0.0,0.0,0.0,0.0,0.0,0.12,0.0,0.0,0.0,0.0,0.0,0.0,0.0
0.0,0.0,0.0,0.0,0.0,0.0,0.0,0.0,0.0,0.0,0.0,0.0,0.0,0.0,0.0,0.0,0.0,0.0,0.0,0.0,0.0
0.0,0.0,0.0,0.0,0.0,0.0,0.0,0.0,0.0,0.0,0.0,0.0,0.0,0.0,0.0,0.0,0.0,0.0,0.0,0.0,0.0
0.0,0.0,0.0,0.0,0.0,0.0,0.0,0.0,0.0,0.0,0.0,0.0,0.0,0.0,0.0,0.0,0.0,0.0,0.0,0.0,0.0
0.0,0.0,0.0,0.0,0.0,0.0,0.04,0.49,0.0,0.0,0.0,0.0,0.0,0.0,0.0,0.0,0.0,0.04,0.0,0.4,0.0
0.0,0.0,0.0,0.0,0.37,0.0,0.0,0.09,0.0,0.0,0.0,0.0,0.0,0.0,0.0,0.0,0.1,0.28,0.0,0.0,0.0
0.0,0.0,0.0,0.0,0.02,0.0,0.0,0.26,0.0,0.0,0.0,0.01,0.0,0.0,0.0,0.0,0.04,0.0,0.0,0.0,0.0
0.0,0.0,0.0,0.0,0.05,0.0,0.21,0.56,0.0,0.0,0.0,0.0,0.0,0.0,0.0,0.0,0.03,0.0,0.0,0.0,0.02
0.0,0.0,0.0,0.0,0.0,0.0,0.76,0.0,0.0,0.0,0.0,0.0,0.0,0.01,0.0,0.0,0.06,0.0,0.0,0.0,0.09
0.0,0.0,0.0,0.0,0.0,0.0,0.64,0.0,0.0,0.18,0.0,0.0,0.0,0.1,0.0,0.0,0.04,0.0,0.0,0.0,0.04
0.0,0.0,0.0,0.0,0.0,0.0,0.39,0.0,0.0,0.07,0.0,0.0,0.0,0.0,0.0,0.0,0.03,0.0,0.0,0.01,0.06
0.0,0.0,0.0,0.0,0.0,0.0,0.0,0.0,0.0,0.16,0.0,0.0,0.0,0.0,0.0,0.0,0.0,0.23,0.0,0.0,0.01
0.0,0.0,0.0,0.0,0.0,0.0,0.08,0.02,0.0,0.25,0.0,0.08,0.0,0.0,0.0,0.0,0.03,0.08,0.0,0.0,0.0
0.0,0.0,0.0,0.0,0.0,0.0,0.04,0.01,0.0,0.02,0.0,0.89,0.0,0.0,0.0,0.0,0.04,0.0,0.0,0.0,0.0
0.0,0.0,0.0,0.0,0.0,0.0,0.09,0.18,0.0,0.0,0.0,0.72,0.0,0.0,0.0,0.0,0.0,0.0,0.0,0.0,0.0
0.0,0.0,0.0,0.0,0.0,0.0,0.01,0.38,0.0,0.0,0.0,0.03,0.0,0.04,0.21,0.0,0.0,0.2,0.0,0.0,0.0
0.0,0.0,0.0,0.0,0.0,0.0,0.18,0.35,0.0,0.1,0.0,0.03,0.0,0.0,0.0,0.0,0.0,0.06,0.0,0.07,0.0
0.0,0.0,0.0,0.0,0.0,0.0,0.04,0.31,0.0,0.4,0.0,0.03,0.0,0.0,0.0,0.0,0.0,0.0,0.0,0.02,0.0
0.0,0.0,0.0,0.0,0.0,0.0,0.2,0.07,0.0,0.07,0.0,0.08,0.0,0.0,0.03,0.0,0.0,0.0,0.0,0.18,0.0
0.0,0.0,0.0,0.0,0.02,0.0,0.07,0.11,0.0,0.1,0.0,0.31,0.0,0.0,0.02,0.0,0.0,0.26,0.0,0.0,0.0
0.0,0.0,0.0,0.0,0.08,0.0,0.0,0.17,0.0,0.1,0.0,0.26,0.0,0.0,0.02,0.0,0.0,0.0,0.0,0.0,0.0
0.0,0.0,0.0,0.0,0.0,0.0,0.0,0.08,0.0,0.27,0.0,0.62,0.0,0.0,0.0,0.0,0.0,0.02,0.0,0.0,0.0
0.0,0.0,0.0,0.0,0.0,0.0,0.14,0.17,0.0,0.0,0.0,0.1,0.0,0.0,0.2,0.0,0.0,0.0,0.0,0.24,0.0
0.0,0.0,0.0,0.0,0.13,0.0,0.19,0.34,0.05,0.0,0.0,0.0,0.0,0.0,0.0,0.0,0.02,0.27,0.0,0.0,0.0
0.0,0.0,0.0,0.0,0.0,0.0,0.16,0.01,0.0,0.0,0.0,0.0,0.0,0.0,0.12,0.0,0.0,0.35,0.0,0.0,0.0
0.0,0.0,0.0,0.0,0.04,0.0,0.12,0.04,0.0,0.0,0.0,0.0,0.0,0.0,0.18,0.0,0.0,0.01,0.0,0.0,0.0
0.0,0.0,0.0,0.0,0.22,0.0,0.0,0.16,0.0,0.0,0.0,0.0,0.0,0.02,0.0,0.0,0.19,0.28,0.0,0.0,0.0
0.0,0.0,0.0,0.0,0.04,0.0,0.0,0.18,0.04,0.0,0.0,0.0,0.0,0.0,0.0,0.0,0.0,0.32,0.0,0.0,0.0
0.0,0.0,0.0,0.0,0.39,0.0,0.02,0.03,0.14,0.0,0.0,0.0,0.0,0.0,0.0,0.0,0.01,0.29,0.0,0.0,0.0
0.0,0.0,0.0,0.0,0.36,0.0,0.0,0.02,0.01,0.0,0.0,0.0,0.0,0.03,0.0,0.01,0.07,0.19,0.0,0.0,0.0
0.0,0.0,0.0,0.0,0.09,0.0,0.0,0.09,0.04,0.0,0.0,0.0,0.0,0.0,0.09,0.0,0.0,0.2,0.0,0.0,0.0
0.0,0.0,0.0,0.0,0.37,0.12,0.0,0.02,0.52,0.0,0.0,0.0,0.0,0.0,0.0,0.0,0.0,0.0,0.0,0.0,0.0
0.0,0.0,0.0,0.0,0.2,0.24,0.0,0.02,0.43,0.0,0.0,0.0,0.0,0.0,0.02,0.0,0.09,0.0,0.0,0.0,0.0
0.0,0.0,0.0,0.0,0.8,0.11,0.0,0.0,0.0,0.0,0.0,0.0,0.0,0.0,0.0,0.0,0.09,0.0,0.0,0.0,0.0
0.0,0.0,0.0,0.0,0.2,0.0,0.0,0.04,0.18,0.0,0.0,0.0,0.0,0.0,0.02,0.0,0.34,0.02,0.0,0.0,0.0
0.0,0.0,0.0,0.0,0.04,0.0,0.0,0.08,0.0,0.0,0.0,0.0,0.0,0.04,0.19,0.0,0.0,0.05,0.0,0.0,0.0
0.0,0.0,0.03,0.0,0.0,0.0,0.0,0.01,0.0,0.0,0.0,0.0,0.0,0.01,0.05,0.0,0.0,0.08,0.0,0.0,0.0
0.0,0.0,0.42,0.0,0.0,0.0,0.0,0.0,0.0,0.0,0.0,0.0,0.0,0.02,0.0,0.0,0.0,0.14,0.0,0.0,0.0
0.0,0.0,0.36,0.0,0.0,0.0,0.0,0.07,0.0,0.0,0.0,0.0,0.0,0.02,0.0,0.0,0.0,0.0,0.0,0.0,0.0
0.0,0.0,0.35,0.0,0.13,0.0,0.0,0.03,0.0,0.0,0.0,0.0,0.0,0.0,0.0,0.0,0.0,0.0,0.0,0.0,0.0
0.0,0.0,0.06,0.0,0.0,0.0,0.0,0.01,0.0,0.0,0.0,0.0,0.0,0.0,0.0,0.0,0.0,0.0,0.0,0.0,0.0
0.0,0.0,0.0,0.0,0.0,0.0,0.0,0.0,0.0,0.0,0.0,0.0,0.0,0.0,0.0,0.0,0.0,0.0,0.0,0.0,0.0
0.0,0.0,0.0,0.0,0.0,0.0,0.0,0.0,0.0,0.0,0.0,0.0,0.0,0.0,0.0,0.0,0.0,0.0,0.0,0.0,0.0
0.0,0.0,0.0,0.0,0.0,0.0,0.0,0.0,0.0,0.0,0.0,0.0,0.0,0.0,0.0,0.0,0.0,0.0,0.0,0.0,0.0
0.0,0.0,0.0,0.0,0.0,0.0,0.0,0.0,0.0,0.0,0.0,0.0,0.0,0.0,0.0,0.0,0.0,0.0,0.0,0.0,0.0
0.0,0.0,0.0,0.0,0.0,0.0,0.0,0.0,0.0,0.0,0.0,0.0,0.0,0.0,0.0,0.0,0.0,0.0,0.0,0.0,0.0
0.0,0.0,0.0,0.0,0.0,0.0,0.0,0.0,0.0,0.0,0.0,0.0,0.0,0.0,0.0,0.0,0.0,0.0,0.0,0.0,0.0
0.0,0.0,0.0,0.0,0.0,0.0,0.0,0.0,0.0,0.0,0.0,0.0,0.0,0.0,0.0,0.0,0.0,0.0,0.0,0.0,0.0
0.0,0.0,0.02,0.0,0.0,0.0,0.0,0.0,0.0,0.0,0.0,0.0,0.0,0.0,0.0,0.0,0.0,0.0,0.0,0.0,0.0
0.0,0.0,0.43,0.0,0.0,0.0,0.0,0.0,0.0,0.0,0.0,0.0,0.0,0.11,0.0,0.0,0.0,0.0,0.0,0.0,0.0
0.0,0.0,0.22,0.0,0.0,0.0,0.0,0.0,0.0,0.0,0.0,0.0,0.0,0.08,0.0,0.0,0.0,0.0,0.0,0.0,0.0
0.0,0.0,0.0,0.0,0.0,0.0,0.0,0.0,0.0,0.0,0.0,0.0,0.0,0.0,0.0,0.0,0.0,0.0,0.0,0.0,0.0
0.0,0.0,0.0,0.0,0.0,0.0,0.0,0.0,0.0,0.0,0.0,0.0,0.0,0.0,0.0,0.0,0.0,0.0,0.0,0.0,0.0
0.0,0.0,0.0,0.0,0.0,0.0,0.0,0.0,0.0,0.0,0.0,0.0,0.0,0.0,0.0,0.0,0.0,0.0,0.0,0.0,0.0
0.0,0.0,0.0,0.0,0.0,0.0,0.0,0.82,0.0,0.0,0.0,0.0,0.0,0.0,0.0,0.0,0.0,0.17,0.0,0.0,0.0
0.0,0.0,0.0,0.0,0.46,0.0,0.0,0.24,0.0,0.0,0.0,0.0,0.0,0.0,0.05,0.0,0.0,0.16,0.0,0.0,0.0
0.0,0.0,0.0,0.0,0.22,0.0,0.04,0.15,0.01,0.0,0.0,0.3,0.0,0.0,0.0,0.0,0.02,0.01,0.0,0.0,0.0
0.0,0.0,0.0,0.0,0.0,0.0,0.21,0.01,0.0,0.0,0.0,0.75,0.0,0.0,0.0,0.0,0.03,0.0,0.0,0.0,0.0
0.0,0.0,0.0,0.0,0.0,0.0,0.61,0.0,0.0,0.0,0.0,0.3,0.0,0.0,0.0,0.0,0.0,0.0,0.0,0.0,0.09
0.0,0.0,0.0,0.0,0.0,0.0,0.48,0.0,0.0,0.15,0.0,0.23,0.0,0.04,0.0,0.0,0.0,0.11,0.0,0.0,0.0
0.0,0.0,0.0,0.0,0.0,0.0,0.0,0.0,0.0,0.51,0.0,0.21,0.0,0.0,0.0,0.0,0.0,0.29,0.0,0.0,0.0
0.0,0.0,0.0,0.0,0.0,0.0,0.1,0.04,0.0,0.01,0.0,0.23,0.0,0.0,0.0,0.0,0.0,0.01,0.0,0.0,0.0
0.0,0.0,0.0,0.0,0.0,0.0,0.05,0.04,0.0,0.91,0.0,0.0,0.0,0.0,0.0,0.0,0.0,0.0,0.0,0.0,0.0
0.0,0.0,0.0,0.0,0.0,0.0,0.02,0.04,0.0,0.57,0.0,0.08,0.0,0.03,0.0,0.0,0.03,0.14,0.0,0.12,0.0
0.0,0.0,0.0,0.0,0.0,0.0,0.08,0.59,0.0,0.0,0.0,0.28,0.0,0.0,0.0,0.0,0.04,0.01,0.0,0.0,0.0
0.0,0.0,0.0,0.0,0.0,0.0,0.0,0.46,0.0,0.0,0.0,0.18,0.0,0.0,0.26,0.0,0.0,0.1,0.0,0.0,0.0
0.0,0.0,0.0,0.0,0.0,0.0,0.01,0.0,0.0,0.07,0.0,0.57,0.0,0.0,0.0,0.0,0.0,0.35,0.0,0.0,0.0
0.0,0.0,0.0,0.0,0.0,0.0,0.0,0.05,0.0,0.02,0.0,0.8,0.0,0.0,0.0,0.0,0.0,0.0,0.0,0.0,0.0
0.0,0.0,0.0,0.0,0.0,0.0,0.01,0.5,0.0,0.0,0.0,0.35,0.0,0.0,0.0,0.0,0.03,0.0,0.0,0.0,0.0
0.0,0.0,0.0,0.0,0.02,0.0,0.03,0.17,0.0,0.0,0.0,0.1,0.0,0.0,0.16,0.0,0.08,0.14,0.0,0.0,0.0
0.0,0.0,0.0,0.0,0.24,0.0,0.0,0.08,0.0,0.0,0.0,0.0,0.0,0.0,0.17,0.0,0.05,0.09,0.0,0.0,0.0
0.0,0.0,0.0,0.0,0.27,0.0,0.0,0.11,0.02,0.0,0.0,0.07,0.0,0.0,0.04,0.0,0.06,0.04,0.0,0.0,0.0
0.0,0.0,0.0,0.0,0.41,0.0,0.05,0.36,0.0,0.0,0.0,0.0,0.0,0.06,0.08,0.0,0.01,0.01,0.0,0.03,0.0
0.0,0.0,0.0,0.0,0.09,0.0,0.05,0.02,0.0,0.0,0.0,0.0,0.0,0.0,0.0,0.0,0.05,0.13,0.0,0.0,0.0
0.0,0.0,0.0,0.0,0.01,0.0,0.02,0.07,0.0,0.0,0.0,0.0,0.0,0.0,0.05,0.0,0.0,0.14,0.0,0.0,0.0
0.0,0.0,0.0,0.0,0.15,0.0,0.01,0.12,0.0,0.0,0.0,0.0,0.0,0.0,0.08,0.0,0.0,0.2,0.0,0.0,0.0
0.0,0.0,0.0,0.0,0.21,0.0,0.0,0.04,0.14,0.0,0.0,0.0,0.0,0.0,0.0,0.0,0.13,0.23,0.0,0.0,0.0
0.0,0.0,0.0,0.0,0.01,0.0,0.0,0.03,0.01,0.0,0.0,0.0,0.0,0.02,0.11,0.0,0.0,0.78,0.0,0.0,0.0
0.0,0.0,0.0,0.0,0.06,0.0,0.0,0.01,0.0,0.0,0.0,0.0,0.0,0.0,0.11,0.08,0.0,0.51,0.0,0.0,0.0
0.0,0.0,0.0,0.0,0.51,0.0,0.0,0.25,0.13,0.0,0.0,0.0,0.0,0.03,0.0,0.05,0.0,0.04,0.0,0.0,0.0
0.0,0.0,0.0,0.0,0.66,0.0,0.0,0.13,0.19,0.0,0.0,0.0,0.0,0.0,0.0,0.0,0.02,0.0,0.0,0.0,0.0
0.0,0.0,0.0,0.0,0.96,0.0,0.0,0.02,0.04,0.0,0.0,0.0,0.0,0.0,0.0,0.0,0.02,0.0,0.0,0.0,0.0
0.0,0.0,0.0,0.0,0.09,0.0,0.0,0.0,0.76,0.0,0.0,0.0,0.0,0.0,0.0,0.0,0.0,0.15,0.0,0.0,0.0
0.0,0.0,0.0,0.0,0.13,0.12,0.0,0.0,0.36,0.0,0.0,0.0,0.0,0.0,0.0,0.0,0.39,0.0,0.0,0.0,0.0
0.0,0.0,0.0,0.0,0.14,0.0,0.0,0.04,0.32,0.0,0.0,0.0,0.0,0.0,0.0,0.0,0.45,0.0,0.0,0.0,0.0
0.0,0.0,0.0,0.0,0.25,0.0,0.0,0.19,0.02,0.0,0.0,0.0,0.0,0.0,0.0,0.0,0.0,0.24,0.0,0.0,0.0
0.0,0.0,0.0,0.0,0.0,0.0,0.0,0.1,0.0,0.0,0.0,0.0,0.0,0.07,0.03,0.0,0.0,0.12,0.0,0.0,0.0
0.0,0.0,0.0,0.0,0.19,0.0,0.0,0.18,0.0,0.0,0.0,0.0,0.0,0.11,0.05,0.0,0.0,0.11,0.0,0.0,0.0
0.0,0.0,0.0,0.0,0.0,0.0,0.0,0.4,0.0,0.0,0.0,0.0,0.0,0.1,0.0,0.0,0.0,0.0,0.0,0.0,0.0
0.0,0.0,0.0,0.0,0.02,0.0,0.0,0.09,0.0,0.0,0.0,0.0,0.0,0.0,0.0,0.0,0.0,0.0,0.0,0.0,0.0
0.0,0.0,0.09,0.0,0.03,0.0,0.0,0.12,0.0,0.0,0.07,0.0,0.0,0.0,0.0,0.0,0.0,0.03,0.0,0.0,0.0
0.0,0.0,0.03,0.0,0.0,0.0,0.0,0.01,0.0,0.0,0.06,0.0,0.0,0.0,0.02,0.0,0.0,0.0,0.0,0.0,0.0
0.0,0.0,0.23,0.0,0.0,0.0,0.0,0.0,0.0,0.0,0.0,0.0,0.0,0.0,0.0,0.0,0.0,0.0,0.0,0.19,0.0
0.0,0.0,0.09,0.0,0.0,0.0,0.0,0.0,0.0,0.0,0.0,0.0,0.0,0.0,0.03,0.0,0.0,0.0,0.0,0.57,0.0
0.0,0.0,0.0,0.0,0.0,0.0,0.0,0.0,0.0,0.0,0.0,0.0,0.0,0.0,0.0,0.0,0.0,0.0,0.0,0.0,0.0
0.0,0.0,0.0,0.0,0.0,0.0,0.0,0.0,0.0,0.0,0.0,0.0,0.0,0.0,0.0,0.0,0.0,0.0,0.0,0.0,0.0
0.0,0.0,0.0,0.0,0.0,0.0,0.0,0.0,0.0,0.0,0.0,0.0,0.0,0.0,0.0,0.0,0.0,0.0,0.0,0.0,0.0
0.0,0.0,0.0,0.0,0.0,0.0,0.0,0.0,0.0,0.0,0.0,0.0,0.0,0.0,0.0,0.0,0.0,0.0,0.0,0.0,0.0
0.0,0.0,0.0,0.0,0.0,0.0,0.0,0.0,0.0,0.0,0.0,0.0,0.0,0.0,0.0,0.0,0.0,0.0,0.0,0.0,0.0
0.0,0.0,0.0,0.0,0.0,0.0,0.0,0.0,0.0,0.0,0.0,0.0,0.0,0.0,0.0,0.0,0.0,0.0,0.0,0.0,0.0
0.0,0.0,0.0,0.0,0.0,0.0,0.0,0.0,0.0,0.0,0.0,0.0,0.0,0.0,0.0,0.0,0.0,0.0,0.0,0.0,0.0
0.0,0.0,0.0,0.0,0.0,0.0,0.0,0.0,0.0,0.0,0.0,0.0,0.0,0.0,0.0,0.0,0.0,0.0,0.0,0.0,0.0
0.0,0.0,0.0,0.0,0.0,0.0,0.0,0.0,0.0,0.0,0.0,0.0,0.0,0.0,0.0,0.0,0.0,0.0,0.0,0.0,0.0
0.0,0.0,0.0,0.0,0.0,0.0,0.0,0.0,0.0,0.0,0.0,0.0,0.0,0.0,0.0,0.0,0.0,0.0,0.0,0.0,0.0
0.0,0.0,0.0,0.0,0.0,0.0,0.1,0.59,0.0,0.0,0.0,0.0,0.0,0.0,0.19,0.0,0.0,0.11,0.0,0.0,0.0
0.0,0.0,0.0,0.0,0.0,0.0,0.0,0.26,0.0,0.0,0.0,0.05,0.0,0.0,0.34,0.0,0.0,0.19,0.0,0.0,0.0
0.0,0.0,0.0,0.0,0.0,0.0,0.0,0.42,0.0,0.0,0.0,0.57,0.0,0.0,0.0,0.0,0.0,0.02,0.0,0.0,0.0
0.0,0.0,0.0,0.0,0.0,0.0,0.23,0.07,0.0,0.21,0.0,0.49,0.0,0.0,0.0,0.0,0.0,0.0,0.0,0.0,0.0
0.0,0.0,0.0,0.0,0.0,0.0,0.06,0.07,0.0,0.0,0.0,0.87,0.0,0.0,0.0,0.0,0.0,0.0,0.0,0.0,0.0
0.0,0.0,0.0,0.0,0.0,0.0,0.0,0.03,0.0,0.0,0.0,0.54,0.0,0.0,0.0,0.0,0.0,0.41,0.0,0.0,0.0
0.0,0.0,0.0,0.0,0.0,0.0,0.0,0.12,0.0,0.0,0.0,0.01,0.0,0.0,0.0,0.0,0.0,0.87,0.0,0.0,0.0
0.0,0.0,0.0,0.0,0.0,0.0,0.0,0.12,0.0,0.0,0.0,0.12,0.0,0.0,0.13,0.0,0.0,0.21,0.0,0.0,0.0
0.0,0.0,0.0,0.0,0.0,0.0,0.0,0.32,0.0,0.11,0.0,0.0,0.0,0.0,0.24,0.0,0.0,0.0,0.0,0.33,0.0
0.0,0.0,0.0,0.0,0.0,0.0,0.0,0.0,0.0,0.02,0.0,0.0,0.0,0.0,0.0,0.0,0.0,0.0,0.0,0.98,0.0
0.0,0.0,0.0,0.0,0.05,0.0,0.0,0.16,0.0,0.0,0.0,0.0,0.0,0.0,0.31,0.0,0.11,0.27,0.0,0.1,0.0
0.0,0.0,0.0,0.0,0.0,0.0,0.0,0.92,0.0,0.0,0.0,0.0,0.0,0.0,0.0,0.0,0.08,0.0,0.0,0.0,0.0
0.0,0.0,0.0,0.0,0.0,0.0,0.0,0.65,0.0,0.0,0.0,0.24,0.0,0.0,0.0,0.0,0.0,0.11,0.0,0.0,0.0
0.0,0.0,0.0,0.0,0.0,0.0,0.0,0.56,0.0,0.0,0.0,0.17,0.0,0.0,0.0,0.0,0.07,0.0,0.0,0.0,0.0
0.0,0.0,0.0,0.0,0.0,0.0,0.07,0.44,0.0,0.04,0.0,0.39,0.0,0.0,0.0,0.0,0.04,0.0,0.0,0.0,0.0
0.0,0.0,0.0,0.0,0.0,0.0,0.0,0.62,0.0,0.0,0.0,0.0,0.0,0.0,0.01,0.0,0.0,0.21,0.0,0.0,0.0
0.0,0.0,0.0,0.0,0.11,0.0,0.0,0.34,0.0,0.0,0.0,0.01,0.0,0.0,0.0,0.0,0.0,0.05,0.0,0.0,0.0
0.0,0.0,0.0,0.0,0.35,0.0,0.0,0.08,0.01,0.0,0.0,0.0,0.0,0.0,0.0,0.0,0.0,0.37,0.0,0.0,0.0
0.0,0.0,0.0,0.0,0.4,0.0,0.01,0.05,0.0,0.0,0.0,0.0,0.0,0.0,0.14,0.0,0.03,0.02,0.0,0.01,0.0
0.0,0.0,0.0,0.0,0.05,0.0,0.14,0.69,0.0,0.0,0.0,0.0,0.0,0.0,0.04,0.0,0.04,0.0,0.0,0.04,0.0
0.0,0.0,0.0,0.0,0.34,0.0,0.0,0.02,0.0,0.0,0.0,0.0,0.0,0.0,0.02,0.0,0.03,0.27,0.0,0.0,0.0
0.0,0.0,0.0,0.0,0.29,0.0,0.0,0.05,0.0,0.0,0.0,0.0,0.0,0.0,0.01,0.0,0.0,0.22,0.0,0.0,0.0
0.0,0.0,0.0,0.0,0.0,0.0,0.0,0.66,0.18,0.0,0.0,0.0,0.0,0.0,0.0,0.0,0.0,0.16,0.0,0.0,0.0
0.0,0.0,0.0,0.0,0.04,0.0,0.0,0.21,0.02,0.0,0.0,0.0,0.0,0.06,0.12,0.0,0.01,0.5,0.0,0.0,0.0
0.0,0.0,0.0,0.0,0.01,0.0,0.0,0.58,0.0,0.0,0.0,0.0,0.0,0.01,0.01,0.13,0.01,0.25,0.0,0.0,0.0
0.0,0.0,0.0,0.0,0.02,0.0,0.0,0.42,0.07,0.0,0.0,0.0,0.0,0.13,0.15,0.0,0.05,0.17,0.0,0.0,0.0
0.0,0.0,0.0,0.0,0.7,0.0,0.0,0.02,0.19,0.0,0.0,0.0,0.0,0.0,0.0,0.0,0.0,0.1,0.0,0.0,0.0
0.0,0.0,0.0,0.0,0.41,0.0,0.0,0.0,0.02,0.0,0.0,0.0,0.0,0.0,0.02,0.0,0.09,0.46,0.0,0.0,0.0
0.0,0.0,0.0,0.0,0.24,0.0,0.0,0.0,0.57,0.0,0.0,0.0,0.0,0.0,0.0,0.0,0.19,0.0,0.0,0.0,0.0
0.0,0.0,0.0,0.0,0.11,0.0,0.0,0.0,0.09,0.0,0.0,0.0,0.0,0.0,0.0,0.0,0.8,0.0,0.0,0.0,0.0
0.0,0.0,0.0,0.0,0.16,0.0,0.0,0.0,0.29,0.0,0.0,0.0,0.0,0.0,0.0,0.0,0.55,0.0,0.0,0.0,0.0
0.03,0.0,0.0,0.0,0.18,0.0,0.0,0.26,0.18,0.0,0.0,0.0,0.0,0.0,0.0,0.0,0.0,0.11,0.0,0.0,0.0
0.0,0.0,0.0,0.0,0.13,0.0,0.0,0.21,0.0,0.0,0.0,0.0,0.0,0.0,0.02,0.0,0.0,0.15,0.0,0.0,0.0
0.0,0.0,0.0,0.0,0.07,0.0,0.0,0.31,0.0,0.0,0.0,0.0,0.0,0.0,0.12,0.0,0.0,0.13,0.0,0.0,0.0
0.0,0.0,0.0,0.0,0.06,0.0,0.0,0.2,0.0,0.0,0.0,0.0,0.0,0.0,0.0,0.0,0.0,0.21,0.0,0.0,0.0
0.0,0.0,0.0,0.0,0.02,0.0,0.0,0.31,0.0,0.0,0.0,0.0,0.0,0.01,0.0,0.0,0.0,0.11,0.0,0.0,0.0
0.0,0.0,0.0,0.0,0.09,0.0,0.0,0.14,0.01,0.0,0.0,0.0,0.0,0.0,0.0,0.0,0.0,0.04,0.0,0.0,0.0
0.0,0.0,0.07,0.0,0.13,0.0,0.0,0.15,0.01,0.0,0.0,0.0,0.0,0.0,0.07,0.0,0.0,0.01,0.0,0.0,0.0
0.0,0.0,0.2,0.0,0.0,0.0,0.0,0.0,0.0,0.0,0.0,0.0,0.0,0.0,0.04,0.0,0.0,0.0,0.0,0.76,0.0
0.0,0.0,0.0,0.0,0.0,0.0,0.0,0.0,0.0,0.0,0.0,0.0,0.0,0.0,0.0,0.0,0.0,0.0,0.0,1.0,0.0
0.0,0.0,0.14,0.0,0.0,0.0,0.0,0.0,0.0,0.0,0.0,0.0,0.0,0.0,0.0,0.0,0.0,0.04,0.0,0.18,0.0
0.0,0.0,0.0,0.0,0.0,0.0,0.0,0.0,0.0,0.0,0.0,0.0,0.0,0.0,0.0,0.0,0.0,0.0,0.0,0.0,0.0
0.0,0.0,0.0,0.0,0.0,0.0,0.0,0.0,0.0,0.0,0.0,0.0,0.0,0.0,0.0,0.0,0.0,0.0,0.0,0.0,0.0
0.0,0.0,0.0,0.0,0.0,0.0,0.0,0.0,0.0,0.0,0.0,0.0,0.0,0.0,0.0,0.0,0.0,0.0,0.0,0.0,0.0
0.0,0.0,0.0,0.0,0.0,0.0,0.0,0.0,0.0,0.0,0.0,0.0,0.0,0.0,0.0,0.0,0.0,0.0,0.0,0.0,0.0
0.0,0.0,0.0,0.0,0.0,0.0,0.0,0.0,0.0,0.0,0.0,0.0,0.0,0.0,0.0,0.0,0.0,0.0,0.0,0.0,0.0
0.0,0.0,0.0,0.0,0.0,0.0,0.0,0.0,0.0,0.0,0.0,0.0,0.0,0.0,0.0,0.0,0.0,0.0,0.0,0.0,0.0
0.0,0.0,0.0,0.0,0.0,0.0,0.0,0.0,0.0,0.0,0.0,0.0,0.0,0.0,0.0,0.0,0.0,0.0,0.0,0.0,0.0
0.0,0.0,0.0,0.0,0.0,0.0,0.0,0.0,0.0,0.0,0.0,0.0,0.0,0.0,0.0,0.0,0.0,0.0,0.0,0.0,0.0
0.0,0.0,0.0,0.0,0.0,0.0,0.0,0.0,0.0,0.0,0.0,0.0,0.0,0.0,0.0,0.0,0.0,0.0,0.0,0.0,0.0
0.0,0.0,0.0,0.0,0.0,0.0,0.0,1.0,0.0,0.0,0.0,0.0,0.0,0.0,0.0,0.0,0.01,0.0,0.0,0.0,0.0
0.0,0.0,0.0,0.0,0.0,0.0,0.0,1.0,0.0,0.0,0.0,0.09,0.0,0.0,0.0,0.0,0.11,0.0,0.0,0.0,0.0
0.0,0.0,0.0,0.0,0.05,0.0,0.0,0.58,0.0,0.0,0.0,0.0,0.0,0.0,0.04,0.0,0.0,0.0,0.0,0.0,0.0
0.0,0.0,0.0,0.0,0.0,0.0,0.07,0.67,0.0,0.0,0.0,0.18,0.0,0.0,0.0,0.0,0.0,0.0,0.0,0.0,0.0
0.0,0.0,0.0,0.0,0.02,0.0,0.0,0.14,0.0,0.0,0.0,0.86,0.0,0.0,0.0,0.0,0.0,0.0,0.0,0.0,0.0
0.0,0.0,0.0,0.0,0.0,0.0,0.0,0.42,0.0,0.0,0.0,0.22,0.0,0.0,0.0,0.0,0.0,0.04,0.0,0.01,0.0
0.0,0.0,0.0,0.0,0.0,0.0,0.0,0.2,0.0,0.0,0.0,0.12,0.0,0.0,0.0,0.0,0.0,0.71,0.0,0.0,0.0
0.0,0.0,0.0,0.0,0.0,0.0,0.07,0.0,0.0,0.0,0.0,0.0,0.0,0.0,0.32,0.0,0.0,0.39,0.0,0.0,0.0
0.0,0.0,0.0,0.26,0.0,0.0,0.33,0.0,0.0,0.0,0.0,0.0,0.0,0.0,0.01,0.0,0.0,0.02,0.0,0.38,0.0
0.0,0.0,0.0,0.0,0.0,0.0,0.09,0.0,0.0,0.0,0.0,0.0,0.0,0.0,0.0,0.0,0.0,0.0,0.0,0.91,0.0
0.0,0.0,0.0,0.0,0.18,0.0,0.23,0.11,0.0,0.0,0.0,0.0,0.0,0.0,0.35,0.0,0.03,0.0,0.0,0.1,0.0
0.0,0.0,0.0,0.0,0.16,0.0,0.0,0.52,0.0,0.0,0.0,0.0,0.0,0.0,0.0,0.0,0.32,0.0,0.0,0.0,0.0
0.0,0.0,0.0,0.0,0.0,0.0,0.0,0.16,0.0,0.0,0.0,0.0,0.0,0.0,0.2,0.0,0.23,0.09,0.0,0.0,0.0
0.0,0.0,0.0,0.0,0.0,0.0,0.0,0.05,0.07,0.0,0.0,0.0,0.0,0.0,0.0,0.0,0.03,0.02,0.0,0.0,0.0
0.0,0.0,0.0,0.0,0.0,0.0,0.0,0.24,0.0,0.0,0.0,0.04,0.0,0.0,0.0,0.0,0.0,0.0,0.0,0.0,0.0
0.0,0.0,0.0,0.0,0.0,0.0,0.0,0.39,0.0,0.0,0.0,0.06,0.0,0.0,0.0,0.0,0.0,0.02,0.0,0.0,0.0
0.0,0.0,0.0,0.0,0.0,0.0,0.0,0.25,0.0,0.0,0.0,0.07,0.0,0.0,0.04,0.0,0.0,0.0,0.0,0.0,0.0
0.0,0.0,0.0,0.0,0.27,0.0,0.0,0.06,0.01,0.0,0.0,0.0,0.0,0.0,0.02,0.0,0.0,0.16,0.0,0.0,0.0
0.0,0.0,0.0,0.0,0.0,0.0,0.0,0.18,0.0,0.0,0.0,0.0,0.0,0.0,0.18,0.0,0.0,0.0,0.0,0.0,0.0
0.0,0.0,0.0,0.0,0.11,0.0,0.23,0.12,0.0,0.0,0.0,0.0,0.0,0.0,0.0,0.03,0.0,0.37,0.0,0.17,0.0
0.0,0.0,0.0,0.0,0.0,0.0,0.0,0.03,0.0,0.0,0.0,0.0,0.0,0.0,0.0,0.02,0.0,0.95,0.0,0.0,0.0
0.0,0.0,0.0,0.0,0.15,0.0,0.0,0.07,0.0,0.0,0.0,0.0,0.0,0.0,0.0,0.0,0.02,0.88,0.0,0.0,0.0
0.0,0.0,0.0,0.0,0.03,0.0,0.0,0.05,0.0,0.0,0.0,0.0,0.0,0.0,0.05,0.0,0.06,0.81,0.0,0.0,0.0
0.0,0.0,0.0,0.0,0.0,0.0,0.0,0.18,0.0,0.0,0.0,0.0,0.0,0.0,0.02,0.0,0.13,0.67,0.0,0.0,0.0
0.0,0.0,0.0,0.0,0.43,0.0,0.0,0.04,0.0,0.0,0.0,0.0,0.0,0.0,0.0,0.0,0.23,0.23,0.0,0.0,0.0
0.0,0.0,0.0,0.0,0.06,0.0,0.0,0.08,0.0,0.0,0.0,0.0,0.0,0.0,0.0,0.0,0.0,0.16,0.0,0.0,0.0
0.0,0.0,0.0,0.0,0.29,0.0,0.0,0.02,0.0,0.0,0.0,0.0,0.0,0.0,0.0,0.0,0.0,0.13,0.0,0.0,0.0
0.0,0.0,0.0,0.0,0.06,0.0,0.0,0.03,0.0,0.0,0.0,0.0,0.0,0.0,0.0,0.0,0.0,0.67,0.0,0.0,0.0
0.0,0.0,0.0,0.0,0.7,0.0,0.0,0.08,0.04,0.0,0.0,0.0,0.0,0.0,0.0,0.0,0.11,0.08,0.0,0.0,0.0
0.0,0.0,0.0,0.0,0.0,0.0,0.0,0.0,0.0,0.0,0.0,0.0,0.0,0.0,0.0,0.0,1.0,0.0,0.0,0.0,0.0
0.0,0.0,0.0,0.0,0.05,0.0,0.0,0.0,0.53,0.0,0.0,0.0,0.0,0.0,0.0,0.0,0.44,0.0,0.0,0.0,0.0
0.0,0.0,0.0,0.0,0.05,0.0,0.0,0.1,0.2,0.0,0.0,0.0,0.0,0.0,0.0,0.0,0.0,0.02,0.0,0.0,0.0
0.0,0.0,0.0,0.0,0.21,0.0,0.0,0.2,0.01,0.0,0.0,0.0,0.0,0.0,0.0,0.0,0.0,0.02,0.0,0.0,0.0
0.01,0.0,0.0,0.0,0.4,0.0,0.0,0.19,0.11,0.0,0.0,0.0,0.0,0.0,0.0,0.0,0.0,0.04,0.0,0.0,0.0
0.0,0.0,0.0,0.0,0.36,0.0,0.0,0.19,0.06,0.0,0.0,0.0,0.0,0.0,0.0,0.0,0.0,0.02,0.0,0.0,0.0
0.0,0.0,0.0,0.0,0.17,0.02,0.0,0.14,0.07,0.0,0.0,0.0,0.0,0.0,0.16,0.0,0.0,0.0,0.0,0.0,0.0
0.0,0.0,0.0,0.0,0.04,0.0,0.0,0.19,0.0,0.0,0.0,0.0,0.0,0.0,0.3,0.0,0.0,0.07,0.0,0.0,0.0
0.0,0.0,0.02,0.0,0.06,0.0,0.0,0.11,0.02,0.05,0.0,0.0,0.0,0.0,0.01,0.0,0.0,0.0,0.0,0.0,0.0
0.0,0.0,0.1,0.0,0.0,0.0,0.0,0.0,0.0,0.0,0.0,0.0,0.0,0.0,0.02,0.0,0.0,0.0,0.0,0.85,0.0
0.0,0.0,0.0,0.0,0.0,0.0,0.0,0.0,0.0,0.0,0.0,0.0,0.0,0.0,0.0,0.0,0.0,0.0,0.0,1.0,0.0
0.0,0.0,0.28,0.0,0.0,0.0,0.0,0.0,0.0,0.0,0.0,0.0,0.0,0.0,0.0,0.0,0.0,0.41,0.0,0.28,0.0
0.0,0.0,0.02,0.0,0.0,0.0,0.0,0.0,0.0,0.0,0.0,0.0,0.0,0.0,0.0,0.0,0.0,0.0,0.0,0.0,0.0
0.0,0.0,0.0,0.0,0.0,0.0,0.0,0.0,0.0,0.0,0.0,0.0,0.0,0.0,0.0,0.0,0.0,0.0,0.0,0.0,0.0
0.0,0.0,0.0,0.0,0.0,0.0,0.0,0.0,0.0,0.0,0.0,0.0,0.0,0.0,0.0,0.0,0.0,0.0,0.0,0.0,0.0
0.0,0.0,0.0,0.0,0.0,0.0,0.0,0.0,0.0,0.0,0.0,0.0,0.0,0.0,0.0,0.0,0.0,0.0,0.0,0.0,0.0
0.0,0.0,0.0,0.0,0.0,0.0,0.0,0.0,0.0,0.0,0.0,0.0,0.0,0.0,0.0,0.0,0.0,0.0,0.0,0.0,0.0
0.0,0.0,0.0,0.0,0.0,0.0,0.0,0.0,0.0,0.0,0.0,0.0,0.0,0.0,0.0,0.0,0.0,0.0,0.0,0.0,0.0
0.0,0.0,0.0,0.0,0.0,0.0,0.0,0.0,0.0,0.0,0.0,0.0,0.0,0.0,0.0,0.0,0.0,0.0,0.0,0.0,0.0
0.0,0.0,0.0,0.0,0.0,0.0,0.0,0.0,0.0,0.0,0.0,0.0,0.0,0.0,0.0,0.0,0.0,0.0,0.0,0.0,0.0
0.0,0.0,0.0,0.0,0.0,0.0,0.0,0.0,0.0,0.0,0.0,0.0,0.0,0.0,0.0,0.0,0.0,0.0,0.0,0.0,0.0
0.0,0.0,0.0,0.0,0.0,0.0,0.0,1.0,0.0,0.0,0.0,0.0,0.0,0.0,0.0,0.0,0.0,0.06,0.0,0.0,0.0
0.0,0.0,0.0,0.0,0.0,0.0,0.0,1.0,0.0,0.0,0.0,0.0,0.0,0.0,0.0,0.0,0.0,0.02,0.0,0.0,0.0
0.0,0.0,0.0,0.0,0.0,0.0,0.0,0.97,0.0,0.0,0.0,0.0,0.0,0.0,0.0,0.0,0.0,0.09,0.0,0.0,0.0
0.0,0.0,0.0,0.0,0.0,0.0,0.01,1.0,0.0,0.0,0.0,0.0,0.0,0.0,0.0,0.0,0.0,0.0,0.0,0.0,0.0
0.0,0.0,0.0,0.0,0.0,0.0,0.0,0.75,0.0,0.0,0.0,0.19,0.0,0.0,0.0,0.0,0.0,0.03,0.0,0.0,0.0
0.0,0.0,0.0,0.0,0.0,0.0,0.0,0.55,0.0,0.0,0.0,0.05,0.0,0.0,0.01,0.0,0.0,0.36,0.0,0.09,0.0
0.0,0.0,0.0,0.0,0.0,0.0,0.01,0.28,0.0,0.31,0.0,0.0,0.0,0.0,0.0,0.0,0.0,0.37,0.0,0.0,0.0
0.0,0.0,0.0,0.04,0.02,0.0,0.0,0.08,0.0,0.06,0.0,0.0,0.0,0.0,0.0,0.0,0.08,0.72,0.0,0.0,0.0
0.0,0.0,0.0,0.61,0.0,0.0,0.06,0.02,0.0,0.0,0.0,0.0,0.0,0.0,0.0,0.0,0.1,0.04,0.0,0.0,0.0
0.0,0.0,0.0,0.0,0.0,0.0,0.29,0.01,0.0,0.0,0.0,0.0,0.0,0.0,0.0,0.0,0.06,0.03,0.0,0.09,0.0
0.0,0.0,0.0,0.0,0.02,0.0,0.04,0.02,0.0,0.0,0.0,0.0,0.0,0.0,0.0,0.0,0.18,0.04,0.0,0.0,0.0
0.0,0.0,0.0,0.0,0.07,0.0,0.0,0.05,0.0,0.0,0.0,0.0,0.0,0.0,0.0,0.0,0.0,0.0,0.0,0.0,0.0
0.0,0.0,0.0,0.0,0.01,0.0,0.0,0.47,0.0,0.0,0.0,0.0,0.0,0.0,0.0,0.0,0.04,0.0,0.0,0.0,0.0
0.0,0.0,0.0,0.0,0.17,0.0,0.0,0.38,0.0,0.0,0.0,0.0,0.0,0.0,0.03,0.0,0.19,0.03,0.0,0.0,0.0
0.0,0.0,0.0,0.0,0.17,0.0,0.0,0.05,0.0,0.0,0.0,0.0,0.0,0.0,0.01,0.0,0.17,0.06,0.0,0.0,0.0
0.0,0.0,0.0,0.0,0.03,0.0,0.0,0.08,0.0,0.0,0.0,0.0,0.0,0.0,0.06,0.0,0.12,0.0,0.0,0.0,0.0
0.0,0.0,0.0,0.0,0.09,0.0,0.0,0.05,0.02,0.0,0.0,0.0,0.0,0.0,0.1,0.0,0.0,0.11,0.0,0.01,0.0
0.0,0.0,0.0,0.0,0.28,0.0,0.0,0.02,0.0,0.0,0.0,0.0,0.0,0.0,0.0,0.0,0.0,0.05,0.0,0.0,0.0
0.0,0.0,0.0,0.0,0.01,0.0,0.0,0.29,0.0,0.0,0.0,0.01,0.0,0.0,0.11,0.0,0.0,0.08,0.0,0.0,0.0
0.0,0.0,0.0,0.0,0.0,0.0,0.28,0.01,0.0,0.0,0.0,0.01,0.0,0.0,0.0,0.0,0.0,0.5,0.0,0.07,0.0
0.0,0.0,0.0,0.0,0.0,0.0,0.0,0.0,0.0,0.0,0.0,0.0,0.0,0.0,0.0,0.0,0.0,1.0,0.0,0.0,0.0
0.0,0.0,0.0,0.0,0.0,0.0,0.0,0.0,0.0,0.0,0.0,0.0,0.0,0.0,0.0,0.0,0.0,0.96,0.0,0.04,0.0
0.0,0.0,0.0,0.0,0.0,0.0,0.0,0.01,0.0,0.0,0.0,0.0,0.0,0.0,0.08,0.0,0.01,0.8,0.0,0.1,0.0
0.0,0.0,0.0,0.0,0.0,0.0,0.0,0.04,0.0,0.0,0.0,0.0,0.0,0.0,0.03,0.0,0.09,0.86,0.0,0.0,0.0
0.0,0.0,0.0,0.0,0.06,0.0,0.0,0.01,0.0,0.0,0.0,0.0,0.0,0.0,0.18,0.0,0.16,0.59,0.0,0.0,0.0
0.0,0.0,0.0,0.0,0.24,0.0,0.0,0.01,0.0,0.0,0.0,0.0,0.0,0.0,0.09,0.0,0.0,0.09,0.0,0.0,0.0
0.0,0.0,0.0,0.0,0.03,0.0,0.0,0.99,0.0,0.0,0.0,0.0,0.0,0.0,0.01,0.0,0.0,0.13,0.0,0.0,0.0
0.0,0.0,0.0,0.0,0.29,0.0,0.0,0.17,0.0,0.0,0.0,0.0,0.0,0.0,0.29,0.0,0.0,0.27,0.0,0.0,0.0
0.0,0.0,0.0,0.0,0.76,0.0,0.0,0.05,0.32,0.0,0.0,0.0,0.0,0.0,0.0,0.0,0.0,0.11,0.0,0.0,0.0
0.0,0.0,0.0,0.0,0.14,0.0,0.0,0.0,0.05,0.0,0.0,0.0,0.0,0.0,0.0,0.0,0.82,0.0,0.0,0.0,0.0
0.0,0.0,0.0,0.0,0.1,0.0,0.0,0.02,0.08,0.0,0.0,0.0,0.0,0.0,0.0,0.0,0.8,0.0,0.0,0.0,0.0
0.0,0.0,0.0,0.0,0.14,0.0,0.0,0.04,0.01,0.0,0.0,0.0,0.0,0.0,0.0,0.0,0.0,0.2,0.0,0.0,0.0
0.0,0.0,0.0,0.0,0.48,0.0,0.0,0.16,0.09,0.0,0.0,0.0,0.0,0.0,0.01,0.0,0.0,0.05,0.0,0.0,0.0
0.0,0.0,0.0,0.0,0.14,0.0,0.0,0.02,0.83,0.0,0.0,0.0,0.0,0.0,0.1,0.0,0.0,0.0,0.0,0.0,0.0
0.0,0.0,0.09,0.0,0.03,0.0,0.0,0.01,0.73,0.0,0.0,0.0,0.0,0.0,0.0,0.0,0.0,0.0,0.0,0.0,0.0
0.0,0.0,0.0,0.0,0.08,0.0,0.0,0.0,0.88,0.0,0.0,0.0,0.0,0.0,0.03,0.0,0.0,0.0,0.0,0.0,0.0
0.0,0.0,0.0,0.0,0.24,0.0,0.0,0.01,0.07,0.0,0.0,0.0,0.0,0.0,0.06,0.0,0.57,0.0,0.0,0.0,0.0
0.0,0.0,0.0,0.0,0.61,0.0,0.0,0.0,0.0,0.0,0.0,0.0,0.0,0.0,0.09,0.0,0.3,0.0,0.0,0.0,0.0
0.0,0.0,0.03,0.0,0.0,0.0,0.0,0.0,0.0,0.0,0.0,0.0,0.0,0.0,0.05,0.0,0.82,0.0,0.0,0.06,0.0
0.0,0.0,0.07,0.0,0.0,0.0,0.0,0.0,0.0,0.0,0.0,0.0,0.0,0.0,0.09,0.0,0.59,0.03,0.0,0.22,0.0
0.0,0.0,0.05,0.0,0.0,0.0,0.0,0.0,0.0,0.0,0.0,0.0,0.0,0.0,0.0,0.0,0.27,0.41,0.0,0.01,0.0
0.0,0.0,0.0,0.0,0.0,0.0,0.0,0.0,0.0,0.0,0.0,0.0,0.0,0.0,0.0,0.0,0.0,0.0,0.0,0.0,0.0
0.0,0.0,0.0,0.0,0.0,0.0,0.0,0.0,0.0,0.0,0.0,0.0,0.0,0.0,0.0,0.0,0.0,0.0,0.0,0.0,0.0
0.0,0.0,0.0,0.0,0.0,0.0,0.0,0.0,0.0,0.0,0.0,0.0,0.0,0.0,0.0,0.0,0.0,0.0,0.0,0.0,0.0
0.0,0.0,0.0,0.0,0.0,0.0,0.0,0.0,0.0,0.0,0.0,0.0,0.0,0.0,0.0,0.0,0.0,0.0,0.0,0.0,0.0
0.0,0.0,0.0,0.0,0.0,0.0,0.0,0.0,0.0,0.0,0.0,0.0,0.0,0.0,0.0,0.0,0.0,0.0,0.0,0.0,0.0
0.0,0.0,0.0,0.0,0.0,0.0,0.0,0.0,0.0,0.0,0.0,0.0,0.0,0.0,0.0,0.0,0.0,0.0,0.0,0.0,0.0
0.0,0.0,0.0,0.0,0.0,0.0,0.0,0.0,0.0,0.0,0.0,0.0,0.0,0.0,0.0,0.0,0.0,0.0,0.0,0.0,0.0
0.0,0.0,0.0,0.0,0.0,0.0,0.0,0.0,0.0,0.0,0.0,0.0,0.0,0.0,0.0,0.0,0.0,0.0,0.0,0.0,0.0
0.0,0.0,0.0,0.0,0.0,0.0,0.0,0.0,0.0,0.0,0.0,0.0,0.0,0.0,0.0,0.0,0.0,0.0,0.0,0.0,0.0
0.0,0.0,0.0,0.0,0.0,0.0,0.36,0.64,0.0,0.0,0.0,0.0,0.0,0.0,0.0,0.0,0.0,0.0,0.0,0.0,0.0
0.0,0.0,0.0,0.0,0.0,0.0,0.33,0.07,0.0,0.0,0.0,0.0,0.0,0.0,0.0,0.0,0.0,0.59,0.0,0.0,0.04
0.0,0.0,0.0,0.11,0.0,0.0,0.26,0.46,0.0,0.0,0.0,0.0,0.0,0.0,0.01,0.0,0.0,0.16,0.0,0.0,0.0
0.0,0.0,0.0,0.0,0.0,0.0,0.0,0.91,0.0,0.0,0.0,0.09,0.0,0.0,0.0,0.0,0.0,0.0,0.0,0.0,0.0
0.0,0.0,0.0,0.0,0.0,0.0,0.0,0.86,0.0,0.0,0.0,0.03,0.0,0.0,0.09,0.0,0.0,0.02,0.0,0.0,0.0
0.0,0.46,0.0,0.0,0.0,0.0,0.01,0.46,0.0,0.0,0.0,0.0,0.0,0.0,0.05,0.0,0.0,0.02,0.0,0.0,0.0
0.0,0.31,0.0,0.0,0.0,0.0,0.04,0.27,0.0,0.05,0.0,0.01,0.0,0.0,0.0,0.0,0.0,0.0,0.0,0.0,0.0
0.0,0.07,0.0,0.0,0.02,0.0,0.0,0.14,0.0,0.03,0.0,0.0,0.0,0.0,0.0,0.0,0.09,0.29,0.0,0.0,0.0
0.0,0.0,0.0,0.0,0.0,0.0,0.0,0.12,0.0,0.0,0.0,0.0,0.0,0.0,0.0,0.0,0.0,0.71,0.0,0.0,0.0
0.0,0.0,0.0,0.0,0.01,0.0,0.0,0.21,0.01,0.0,0.0,0.0,0.0,0.0,0.0,0.0,0.0,0.03,0.0,0.0,0.0
0.0,0.0,0.0,0.0,0.07,0.0,0.0,0.01,0.03,0.0,0.0,0.0,0.0,0.0,0.0,0.0,0.03,0.11,0.0,0.0,0.0
0.0,0.0,0.0,0.0,0.03,0.0,0.0,0.81,0.0,0.0,0.0,0.0,0.0,0.0,0.0,0.0,0.16,0.05,0.0,0.0,0.0
0.0,0.0,0.0,0.0,0.22,0.0,0.0,0.05,0.0,0.0,0.0,0.0,0.0,0.0,0.0,0.0,0.08,0.02,0.0,0.0,0.0
0.0,0.0,0.0,0.0,0.07,0.0,0.0,0.34,0.0,0.0,0.0,0.0,0.0,0.0,0.01,0.0,0.0,0.11,0.0,0.0,0.0
0.0,0.0,0.0,0.0,0.0,0.0,0.04,0.71,0.0,0.02,0.0,0.0,0.0,0.0,0.06,0.0,0.0,0.03,0.0,0.0,0.0
0.0,0.0,0.0,0.0,0.0,0.0,0.01,0.28,0.0,0.0,0.0,0.0,0.0,0.0,0.0,0.0,0.04,0.0,0.0,0.0,0.0
0.0,0.0,0.0,0.0,0.47,0.0,0.0,0.06,0.0,0.0,0.0,0.0,0.0,0.0,0.0,0.0,0.08,0.07,0.0,0.0,0.0
0.0,0.0,0.0,0.0,0.35,0.0,0.0,0.5,0.0,0.0,0.0,0.0,0.0,0.0,0.0,0.0,0.1,0.07,0.0,0.0,0.0
0.0,0.0,0.0,0.0,0.05,0.0,0.0,0.3,0.0,0.0,0.0,0.0,0.0,0.0,0.04,0.0,0.0,0.03,0.0,0.0,0.0
0.0,0.0,0.0,0.0,0.0,0.0,0.32,0.21,0.0,0.0,0.0,0.0,0.0,0.0,0.01,0.0,0.0,0.35,0.0,0.08,0.0
0.0,0.0,0.0,0.0,0.0,0.0,0.13,0.0,0.0,0.0,0.0,0.0,0.0,0.0,0.0,0.0,0.0,0.82,0.0,0.05,0.0
0.0,0.0,0.0,0.0,0.12,0.0,0.0,0.28,0.0,0.0,0.0,0.0,0.0,0.0,0.02,0.0,0.0,0.58,0.0,0.07,0.0
0.0,0.0,0.0,0.0,0.01,0.0,0.0,0.37,0.0,0.0,0.0,0.0,0.0,0.0,0.23,0.0,0.0,0.32,0.0,0.07,0.0
0.0,0.0,0.0,0.0,0.0,0.0,0.0,0.4,0.0,0.0,0.0,0.0,0.0,0.0,0.0,0.0,0.0,0.44,0.0,0.16,0.0
0.0,0.0,0.0,0.0,0.3,0.0,0.0,0.45,0.0,0.0,0.0,0.0,0.0,0.0,0.05,0.0,0.14,0.11,0.0,0.0,0.0
0.0,0.0,0.0,0.0,0.16,0.0,0.0,0.01,0.0,0.0,0.0,0.0,0.0,0.0,0.02,0.0,0.07,0.13,0.0,0.0,0.0
0.0,0.0,0.0,0.0,0.18,0.0,0.0,0.01,0.0,0.0,0.0,0.0,0.0,0.0,0.0,0.0,0.0,0.01,0.0,0.0,0.0
0.0,0.0,0.0,0.0,0.11,0.0,0.0,0.02,0.0,0.0,0.0,0.0,0.0,0.0,0.0,0.0,0.0,0.07,0.0,0.0,0.0
0.0,0.0,0.0,0.0,0.42,0.0,0.0,0.26,0.08,0.0,0.0,0.0,0.0,0.0,0.06,0.0,0.0,0.2,0.0,0.0,0.0
0.0,0.0,0.0,0.0,0.38,0.0,0.0,0.0,0.06,0.0,0.0,0.0,0.0,0.0,0.13,0.0,0.43,0.0,0.0,0.0,0.0
0.0,0.0,0.0,0.0,0.07,0.0,0.0,0.06,0.17,0.0,0.0,0.0,0.0,0.0,0.05,0.0,0.64,0.01,0.0,0.0,0.0
0.0,0.0,0.0,0.0,0.44,0.0,0.0,0.08,0.16,0.0,0.0,0.0,0.0,0.04,0.03,0.0,0.06,0.1,0.0,0.0,0.0
0.0,0.0,0.0,0.0,0.26,0.0,0.0,0.04,0.43,0.0,0.0,0.0,0.0,0.12,0.0,0.0,0.02,0.12,0.0,0.0,0.0
0.0,0.0,0.0,0.0,0.0,0.0,0.0,0.0,0.81,0.0,0.0,0.0,0.0,0.01,0.0,0.0,0.17,0.01,0.0,0.0,0.0
0.0,0.0,0.05,0.0,0.07,0.0,0.0,0.0,0.36,0.0,0.0,0.0,0.0,0.0,0.0,0.0,0.22,0.0,0.0,0.0,0.0
0.0,0.0,0.01,0.0,0.0,0.0,0.0,0.0,0.36,0.0,0.0,0.0,0.0,0.0,0.0,0.0,0.0,0.0,0.0,0.0,0.0
0.0,0.0,0.0,0.0,0.13,0.0,0.0,0.0,0.02,0.0,0.0,0.0,0.0,0.0,0.0,0.0,0.23,0.0,0.0,0.0,0.0
0.0,0.0,0.02,0.0,0.26,0.0,0.0,0.0,0.0,0.0,0.0,0.0,0.0,0.0,0.0,0.0,0.2,0.0,0.0,0.0,0.0
0.0,0.0,0.0,0.0,0.0,0.0,0.0,0.0,0.0,0.0,0.0,0.0,0.0,0.0,0.0,0.0,0.58,0.0,0.0,0.0,0.0
0.0,0.0,0.0,0.0,0.0,0.0,0.0,0.0,0.0,0.0,0.0,0.0,0.0,0.0,0.0,0.0,0.61,0.0,0.0,0.0,0.0
0.0,0.0,0.0,0.0,0.0,0.0,0.0,0.0,0.0,0.0,0.0,0.0,0.0,0.0,0.0,0.0,0.12,0.0,0.0,0.0,0.0
0.0,0.0,0.0,0.0,0.0,0.0,0.0,0.0,0.0,0.0,0.0,0.0,0.0,0.0,0.0,0.0,0.0,0.0,0.0,0.0,0.0
0.0,0.0,0.0,0.0,0.0,0.0,0.0,0.0,0.0,0.0,0.0,0.0,0.0,0.0,0.0,0.0,0.0,0.0,0.0,0.0,0.0
0.0,0.0,0.0,0.0,0.0,0.0,0.0,0.0,0.0,0.0,0.0,0.0,0.0,0.0,0.0,0.0,0.0,0.0,0.0,0.0,0.0
0.0,0.0,0.0,0.0,0.0,0.0,0.0,0.0,0.0,0.0,0.0,0.0,0.0,0.0,0.0,0.0,0.0,0.0,0.0,0.0,0.0
0.0,0.0,0.0,0.0,0.0,0.0,0.0,0.0,0.0,0.0,0.0,0.0,0.0,0.0,0.0,0.0,0.0,0.0,0.0,0.0,0.0
0.0,0.0,0.0,0.0,0.0,0.0,0.0,0.0,0.0,0.0,0.0,0.0,0.0,0.0,0.0,0.0,0.0,0.0,0.0,0.0,0.0
0.0,0.0,0.0,0.0,0.0,0.0,0.0,0.0,0.0,0.0,0.0,0.0,0.0,0.0,0.0,0.0,0.0,0.0,0.0,0.0,0.0
0.0,0.0,0.0,0.0,0.0,0.0,0.0,0.0,0.0,0.0,0.0,0.0,0.0,0.0,0.0,0.0,0.0,0.0,0.0,0.0,0.0
0.0,0.0,0.0,0.0,0.0,0.0,0.0,0.0,0.0,0.0,0.0,0.0,0.0,0.0,0.0,0.0,0.0,0.0,0.0,0.0,0.0
0.0,0.0,0.0,0.0,0.0,0.0,0.28,0.46,0.0,0.0,0.0,0.25,0.0,0.0,0.0,0.0,0.0,0.0,0.0,0.0,0.0
0.0,0.0,0.0,0.0,0.0,0.0,0.33,0.09,0.0,0.0,0.0,0.0,0.0,0.0,0.26,0.0,0.0,0.32,0.0,0.0,0.06
0.0,0.0,0.0,0.0,0.0,0.0,0.07,0.01,0.0,0.0,0.0,0.0,0.0,0.0,0.12,0.0,0.0,0.76,0.0,0.0,0.0
0.0,0.0,0.0,0.0,0.0,0.0,0.13,0.23,0.0,0.0,0.0,0.56,0.0,0.0,0.0,0.0,0.0,0.08,0.0,0.0,0.0
0.0,0.05,0.0,0.0,0.0,0.0,0.0,0.11,0.0,0.01,0.0,0.84,0.0,0.0,0.0,0.0,0.0,0.0,0.0,0.0,0.0
0.0,0.92,0.0,0.0,0.0,0.0,0.0,0.0,0.0,0.0,0.0,0.08,0.0,0.0,0.0,0.0,0.0,0.0,0.0,0.01,0.0
0.0,0.73,0.0,0.0,0.0,0.0,0.0,0.25,0.0,0.0,0.0,0.0,0.0,0.0,0.0,0.0,0.0,0.0,0.0,0.02,0.0
0.0,0.0,0.0,0.0,0.0,0.0,0.11,0.16,0.0,0.0,0.0,0.0,0.0,0.0,0.0,0.0,0.0,0.02,0.0,0.22,0.02
0.0,0.0,0.0,0.0,0.0,0.0,0.0,0.07,0.0,0.0,0.0,0.0,0.0,0.0,0.35,0.0,0.0,0.52,0.0,0.0,0.0
0.0,0.0,0.0,0.0,0.0,0.0,0.08,0.05,0.0,0.0,0.0,0.0,0.0,0.0,0.08,0.0,0.0,0.53,0.0,0.0,0.0
0.0,0.0,0.0,0.0,0.0,0.0,0.0,0.11,0.0,0.0,0.0,0.0,0.0,0.0,0.0,0.0,0.0,0.13,0.0,0.0,0.0
0.0,0.0,0.0,0.0,0.0,0.0,0.0,0.07,0.0,0.0,0.0,0.0,0.0,0.0,0.0,0.0,0.0,0.0,0.0,0.0,0.0
0.0,0.0,0.0,0.0,0.07,0.0,0.0,0.85,0.0,0.0,0.0,0.0,0.0,0.0,0.0,0.0,0.03,0.08,0.0,0.0,0.0
0.0,0.0,0.0,0.0,0.01,0.0,0.0,0.26,0.0,0.0,0.0,0.0,0.0,0.0,0.0,0.0,0.0,0.26,0.0,0.0,0.0
0.0,0.0,0.0,0.0,0.0,0.0,0.02,0.66,0.0,0.0,0.0,0.04,0.0,0.0,0.01,0.0,0.0,0.0,0.0,0.0,0.0
0.0,0.0,0.0,0.0,0.07,0.0,0.02,0.34,0.0,0.0,0.0,0.0,0.0,0.0,0.0,0.0,0.0,0.0,0.0,0.0,0.0
0.0,0.0,0.0,0.0,0.26,0.0,0.0,0.04,0.0,0.0,0.0,0.0,0.0,0.0,0.08,0.0,0.0,0.23,0.0,0.0,0.0
0.0,0.0,0.0,0.0,0.23,0.0,0.0,0.01,0.0,0.0,0.0,0.0,0.0,0.0,0.0,0.0,0.04,0.1,0.0,0.0,0.0
0.0,0.0,0.0,0.0,0.24,0.0,0.0,0.19,0.0,0.0,0.0,0.0,0.0,0.0,0.06,0.0,0.12,0.05,0.0,0.0,0.0
0.0,0.0,0.0,0.0,0.1,0.0,0.03,0.22,0.0,0.06,0.0,0.05,0.0,0.0,0.09,0.0,0.09,0.13,0.0,0.0,0.0
0.0,0.0,0.0,0.0,0.33,0.0,0.16,0.16,0.0,0.0,0.0,0.0,0.0,0.0,0.0,0.0,0.0,0.08,0.0,0.09,0.04
0.0,0.0,0.0,0.0,0.9,0.0,0.0,0.05,0.04,0.0,0.0,0.0,0.0,0.0,0.0,0.0,0.0,0.06,0.0,0.0,0.0
0.08,0.0,0.0,0.0,0.53,0.0,0.0,0.29,0.0,0.0,0.0,0.0,0.0,0.0,0.01,0.0,0.0,0.2,0.0,0.01,0.0
0.18,0.0,0.0,0.0,0.08,0.0,0.0,0.23,0.0,0.0,0.0,0.0,0.0,0.0,0.02,0.0,0.0,0.49,0.0,0.1,0.09
0.0,0.0,0.0,0.0,0.39,0.0,0.0,0.38,0.0,0.0,0.0,0.0,0.0,0.0,0.0,0.0,0.0,0.24,0.0,0.0,0.0
0.0,0.0,0.0,0.0,0.26,0.0,0.0,0.01,0.0,0.0,0.0,0.0,0.0,0.0,0.05,0.0,0.0,0.22,0.0,0.0,0.0
0.0,0.0,0.0,0.0,0.13,0.0,0.0,0.05,0.0,0.0,0.0,0.0,0.0,0.0,0.03,0.0,0.0,0.07,0.0,0.0,0.0
0.0,0.0,0.0,0.0,0.22,0.0,0.0,0.04,0.0,0.0,0.0,0.0,0.0,0.0,0.0,0.0,0.0,0.24,0.0,0.0,0.0
0.0,0.0,0.0,0.0,0.17,0.0,0.0,0.02,0.0,0.0,0.0,0.0,0.0,0.0,0.08,0.0,0.0,0.15,0.0,0.0,0.0
0.0,0.0,0.0,0.0,0.44,0.0,0.0,0.03,0.2,0.0,0.0,0.0,0.0,0.0,0.0,0.0,0.24,0.1,0.0,0.0,0.0
0.0,0.0,0.0,0.0,0.05,0.0,0.0,0.0,0.24,0.0,0.0,0.0,0.0,0.0,0.0,0.0,0.61,0.01,0.0,0.0,0.0
0.0,0.0,0.0,0.0,0.01,0.0,0.0,0.0,0.97,0.0,0.0,0.0,0.0,0.0,0.0,0.0,0.02,0.01,0.0,0.0,0.0
0.0,0.0,0.0,0.0,0.0,0.0,0.0,0.0,0.04,0.0,0.0,0.0,0.0,0.33,0.0,0.0,0.1,0.53,0.0,0.0,0.0
0.0,0.0,0.0,0.0,0.06,0.0,0.0,0.0,0.44,0.0,0.0,0.0,0.0,0.11,0.0,0.0,0.04,0.41,0.0,0.0,0.0
0.0,0.0,0.01,0.0,0.02,0.0,0.0,0.0,0.12,0.0,0.0,0.0,0.0,0.0,0.0,0.0,0.79,0.0,0.0,0.0,0.0
0.0,0.0,0.0,0.0,0.0,0.0,0.0,0.0,0.0,0.0,0.0,0.0,0.0,0.0,0.0,0.0,0.89,0.0,0.0,0.0,0.0
0.0,0.0,0.0,0.0,0.0,0.0,0.0,0.0,0.0,0.0,0.0,0.0,0.0,0.0,0.0,0.0,0.88,0.0,0.0,0.0,0.0
0.0,0.0,0.01,0.0,0.0,0.0,0.0,0.0,0.0,0.0,0.0,0.0,0.0,0.0,0.0,0.0,0.61,0.0,0.0,0.0,0.0
0.0,0.0,0.0,0.0,0.0,0.0,0.0,0.0,0.0,0.0,0.0,0.0,0.0,0.0,0.0,0.0,0.12,0.0,0.0,0.0,0.0
0.0,0.0,0.0,0.0,0.0,0.0,0.0,0.0,0.0,0.0,0.0,0.0,0.0,0.0,0.0,0.0,0.0,0.0,0.0,0.0,0.0
0.0,0.0,0.0,0.0,0.0,0.0,0.0,0.0,0.0,0.0,0.0,0.0,0.0,0.0,0.0,0.0,0.0,0.0,0.0,0.0,0.0
0.0,0.0,0.0,0.0,0.0,0.0,0.0,0.0,0.0,0.0,0.0,0.0,0.0,0.0,0.0,0.0,0.0,0.0,0.0,0.0,0.0
0.0,0.0,0.0,0.0,0.0,0.0,0.0,0.0,0.0,0.0,0.0,0.0,0.0,0.0,0.0,0.0,0.0,0.0,0.0,0.0,0.0
0.0,0.0,0.0,0.0,0.0,0.0,0.0,0.0,0.0,0.0,0.0,0.0,0.0,0.0,0.0,0.0,0.0,0.0,0.0,0.0,0.0
0.0,0.0,0.0,0.0,0.0,0.0,0.0,0.0,0.0,0.0,0.0,0.0,0.0,0.0,0.0,0.0,0.0,0.0,0.0,0.0,0.0
0.0,0.0,0.0,0.0,0.0,0.0,0.0,0.0,0.0,0.0,0.0,0.0,0.0,0.0,0.0,0.0,0.0,0.0,0.0,0.0,0.0
0.0,0.0,0.0,0.0,0.0,0.0,0.0,0.0,0.0,0.0,0.0,0.0,0.0,0.0,0.0,0.0,0.0,0.0,0.0,0.0,0.0
0.0,0.0,0.0,0.0,0.0,0.0,0.0,0.0,0.0,0.0,0.0,0.0,0.0,0.0,0.0,0.0,0.0,0.0,0.0,0.0,0.0
0.0,0.0,0.0,0.0,0.0,0.0,0.0,0.0,0.0,0.0,0.0,0.0,0.0,0.0,0.0,0.0,0.0,0.0,0.0,0.0,0.0
0.0,0.0,0.0,0.0,0.0,0.0,0.0,0.0,0.0,0.0,0.0,0.0,0.0,0.0,0.0,0.0,0.0,0.0,0.0,0.0,0.0
0.0,0.0,0.0,0.0,0.0,0.0,0.02,0.29,0.0,0.0,0.0,0.0,0.0,0.05,0.02,0.0,0.0,0.0,0.0,0.0,0.0
0.0,0.0,0.0,0.0,0.0,0.0,0.2,0.44,0.0,0.0,0.0,0.0,0.0,0.01,0.06,0.0,0.0,0.0,0.0,0.0,0.01
0.0,0.0,0.0,0.0,0.0,0.0,0.02,0.41,0.0,0.18,0.0,0.0,0.0,0.0,0.14,0.0,0.0,0.23,0.0,0.0,0.0
0.0,0.0,0.0,0.0,0.04,0.0,0.08,0.33,0.0,0.03,0.0,0.31,0.0,0.0,0.0,0.0,0.0,0.08,0.0,0.0,0.0
0.0,0.0,0.0,0.0,0.03,0.0,0.0,0.0,0.0,0.11,0.0,1.0,0.0,0.0,0.0,0.0,0.0,0.0,0.0,0.0,0.0
0.0,0.03,0.0,0.0,0.0,0.0,0.0,0.07,0.0,0.0,0.0,0.96,0.0,0.0,0.0,0.0,0.0,0.0,0.0,0.0,0.0
0.0,0.11,0.0,0.0,0.0,0.0,0.0,0.27,0.0,0.0,0.0,0.19,0.0,0.0,0.0,0.0,0.0,0.0,0.0,0.01,0.0
0.0,0.0,0.0,0.0,0.0,0.0,0.16,0.32,0.0,0.0,0.0,0.0,0.0,0.16,0.0,0.0,0.0,0.03,0.0,0.07,0.0
0.0,0.0,0.0,0.0,0.0,0.0,0.04,0.01,0.0,0.0,0.0,0.0,0.0,0.0,0.14,0.0,0.0,0.35,0.0,0.04,0.0
0.0,0.0,0.0,0.0,0.0,0.0,0.09,0.15,0.0,0.0,0.0,0.0,0.0,0.0,0.2,0.0,0.0,0.03,0.0,0.0,0.0
0.0,0.0,0.0,0.0,0.14,0.0,0.0,0.11,0.0,0.0,0.0,0.0,0.0,0.0,0.0,0.0,0.0,0.09,0.0,0.0,0.0
0.0,0.0,0.0,0.0,0.06,0.0,0.0,0.05,0.0,0.0,0.0,0.0,0.0,0.0,0.0,0.0,0.0,0.46,0.0,0.0,0.0
0.0,0.0,0.0,0.0,0.05,0.0,0.0,0.42,0.0,0.0,0.0,0.0,0.0,0.0,0.0,0.0,0.06,0.47,0.0,0.0,0.0
0.0,0.0,0.0,0.0,0.07,0.0,0.0,0.08,0.0,0.0,0.0,0.0,0.0,0.0,0.0,0.0,0.05,0.0,0.0,0.0,0.0
0.0,0.0,0.0,0.0,0.17,0.0,0.0,0.01,0.04,0.0,0.0,0.0,0.0,0.0,0.04,0.0,0.01,0.0,0.0,0.0,0.0
0.0,0.0,0.0,0.0,0.19,0.0,0.0,0.17,0.0,0.0,0.0,0.0,0.0,0.0,0.03,0.0,0.0,0.0,0.0,0.0,0.0
0.0,0.0,0.0,0.0,0.0,0.0,0.0,0.26,0.0,0.0,0.0,0.0,0.0,0.0,0.06,0.0,0.0,0.0,0.0,0.0,0.0
0.0,0.0,0.0,0.0,0.03,0.0,0.0,0.09,0.0,0.0,0.0,0.0,0.0,0.0,0.01,0.0,0.0,0.07,0.0,0.0,0.0
0.0,0.0,0.0,0.0,0.0,0.0,0.07,0.23,0.0,0.04,0.0,0.0,0.0,0.0,0.35,0.0,0.0,0.09,0.0,0.0,0.0
0.0,0.0,0.0,0.0,0.05,0.0,0.09,0.27,0.0,0.28,0.0,0.14,0.0,0.0,0.02,0.0,0.04,0.02,0.0,0.05,0.0
0.0,0.0,0.0,0.0,0.19,0.0,0.0,0.02,0.0,0.0,0.0,0.01,0.0,0.0,0.0,0.0,0.15,0.04,0.0,0.0,0.0
0.0,0.0,0.0,0.0,0.77,0.0,0.0,0.07,0.11,0.0,0.0,0.0,0.0,0.0,0.03,0.0,0.14,0.02,0.0,0.0,0.0
0.0,0.0,0.0,0.0,0.87,0.0,0.0,0.01,0.0,0.0,0.0,0.0,0.0,0.0,0.44,0.0,0.12,0.03,0.0,0.0,0.0
0.08,0.0,0.0,0.0,0.26,0.0,0.05,0.15,0.0,0.0,0.0,0.0,0.0,0.0,0.0,0.0,0.15,0.3,0.0,0.07,0.03
0.0,0.0,0.0,0.0,0.58,0.0,0.0,0.07,0.0,0.0,0.0,0.0,0.0,0.0,0.0,0.0,0.07,0.04,0.0,0.0,0.0
0.0,0.0,0.0,0.0,0.96,0.0,0.0,0.01,0.0,0.0,0.0,0.0,0.0,0.0,0.0,0.0,0.0,0.01,0.0,0.0,0.0
0.0,0.0,0.0,0.0,0.75,0.0,0.0,0.14,0.0,0.0,0.0,0.0,0.0,0.0,0.0,0.0,0.0,0.11,0.0,0.0,0.0
0.0,0.0,0.0,0.0,0.31,0.0,0.0,0.05,0.0,0.0,0.0,0.0,0.0,0.0,0.0,0.0,0.17,0.07,0.0,0.0,0.0
0.0,0.0,0.0,0.0,0.3,0.0,0.0,0.01,0.0,0.0,0.0,0.0,0.0,0.0,0.0,0.0,0.25,0.17,0.0,0.0,0.0
0.0,0.0,0.0,0.0,0.39,0.0,0.0,0.03,0.15,0.0,0.0,0.0,0.0,0.0,0.0,0.0,0.44,0.07,0.0,0.0,0.0
0.0,0.0,0.0,0.0,0.0,0.0,0.0,0.0,0.0,0.0,0.0,0.0,0.0,0.0,0.0,0.0,0.81,0.15,0.0,0.0,0.0
0.0,0.0,0.02,0.0,0.02,0.0,0.0,0.0,0.41,0.0,0.0,0.0,0.0,0.0,0.0,0.0,0.05,0.03,0.0,0.0,0.0
0.0,0.0,0.0,0.0,0.2,0.0,0.0,0.0,0.28,0.0,0.0,0.0,0.0,0.0,0.0,0.0,0.23,0.3,0.0,0.0,0.0
0.0,0.0,0.0,0.0,0.04,0.0,0.0,0.0,0.13,0.0,0.0,0.0,0.0,0.0,0.0,0.0,0.32,0.55,0.0,0.0,0.0
0.0,0.0,0.0,0.0,0.21,0.0,0.0,0.0,0.02,0.0,0.0,0.0,0.0,0.0,0.0,0.0,0.77,0.0,0.0,0.0,0.0
0.0,0.0,0.0,0.0,0.0,0.0,0.0,0.0,0.0,0.0,0.0,0.0,0.0,0.0,0.02,0.0,0.98,0.0,0.0,0.0,0.0
0.0,0.0,0.0,0.0,0.0,0.0,0.0,0.0,0.0,0.0,0.0,0.0,0.0,0.0,0.0,0.35,0.65,0.0,0.0,0.0,0.0
0.0,0.0,0.0,0.0,0.0,0.0,0.0,0.0,0.0,0.0,0.0,0.0,0.0,0.0,0.0,0.05,0.76,0.0,0.0,0.0,0.0
0.0,0.0,0.0,0.0,0.0,0.0,0.0,0.0,0.0,0.0,0.0,0.0,0.0,0.0,0.0,0.0,0.0,0.0,0.0,0.0,0.0
0.0,0.0,0.0,0.0,0.0,0.0,0.0,0.0,0.0,0.0,0.0,0.0,0.0,0.0,0.0,0.0,0.0,0.0,0.0,0.0,0.0
0.0,0.0,0.0,0.0,0.0,0.0,0.0,0.0,0.0,0.0,0.0,0.0,0.0,0.0,0.0,0.03,0.0,0.0,0.0,0.0,0.0
0.0,0.0,0.13,0.0,0.0,0.0,0.0,0.0,0.0,0.0,0.0,0.0,0.0,0.0,0.0,0.04,0.29,0.0,0.0,0.0,0.0
0.0,0.0,0.01,0.0,0.0,0.0,0.0,0.0,0.0,0.0,0.0,0.0,0.0,0.0,0.0,0.0,0.0,0.0,0.0,0.0,0.0
0.0,0.0,0.0,0.0,0.0,0.0,0.0,0.0,0.0,0.0,0.0,0.0,0.0,0.0,0.0,0.0,0.0,0.0,0.0,0.0,0.0
0.0,0.0,0.0,0.0,0.0,0.0,0.0,0.0,0.0,0.0,0.0,0.0,0.0,0.0,0.0,0.0,0.0,0.0,0.0,0.0,0.0
0.0,0.0,0.0,0.0,0.0,0.0,0.0,0.0,0.0,0.0,0.0,0.0,0.0,0.0,0.0,0.0,0.0,0.0,0.0,0.0,0.0
0.0,0.0,0.0,0.0,0.0,0.0,0.0,0.0,0.0,0.0,0.0,0.0,0.0,0.0,0.0,0.0,0.0,0.0,0.0,0.0,0.0
0.0,0.0,0.0,0.0,0.0,0.0,0.0,0.0,0.0,0.0,0.0,0.0,0.0,0.0,0.0,0.0,0.0,0.0,0.0,0.0,0.0
0.0,0.0,0.0,0.0,0.0,0.0,0.0,0.0,0.0,0.0,0.0,0.0,0.0,0.0,0.0,0.0,0.0,0.0,0.0,0.0,0.0
0.0,0.0,0.0,0.0,0.0,0.0,0.0,0.0,0.0,0.0,0.0,0.0,0.0,0.0,0.0,0.0,0.0,0.0,0.0,0.0,0.0
0.0,0.0,0.0,0.0,0.0,0.0,0.0,0.3,0.0,0.0,0.0,0.0,0.0,0.0,0.22,0.0,0.0,0.02,0.0,0.0,0.0
0.0,0.0,0.0,0.0,0.0,0.0,0.0,0.46,0.0,0.0,0.0,0.04,0.0,0.0,0.12,0.0,0.0,0.0,0.0,0.0,0.0
0.0,0.0,0.0,0.0,0.0,0.0,0.0,0.28,0.0,0.0,0.0,0.66,0.0,0.0,0.0,0.0,0.0,0.06,0.0,0.0,0.0
0.0,0.0,0.0,0.0,0.0,0.0,0.05,0.11,0.0,0.03,0.0,0.7,0.0,0.0,0.0,0.0,0.0,0.0,0.0,0.0,0.0
0.0,0.0,0.0,0.0,0.0,0.0,0.0,0.25,0.0,0.0,0.0,0.71,0.0,0.0,0.0,0.0,0.0,0.0,0.0,0.0,0.0
0.0,0.0,0.0,0.0,0.0,0.0,0.0,0.35,0.0,0.0,0.0,0.44,0.0,0.0,0.0,0.0,0.0,0.0,0.0,0.0,0.0
0.0,0.0,0.0,0.0,0.01,0.0,0.01,0.24,0.0,0.0,0.0,0.01,0.0,0.0,0.0,0.0,0.0,0.05,0.0,0.0,0.0
0.0,0.0,0.0,0.0,0.19,0.0,0.01,0.21,0.0,0.0,0.0,0.0,0.0,0.04,0.01,0.0,0.0,0.0,0.0,0.0,0.0
0.0,0.0,0.0,0.0,0.06,0.0,0.08,0.05,0.0,0.0,0.0,0.0,0.0,0.0,0.04,0.0,0.0,0.04,0.0,0.0,0.0
0.0,0.0,0.0,0.0,0.25,0.0,0.01,0.17,0.0,0.0,0.0,0.0,0.0,0.0,0.0,0.0,0.0,0.0,0.0,0.0,0.0
0.0,0.0,0.0,0.0,0.52,0.0,0.0,0.17,0.0,0.0,0.0,0.0,0.0,0.0,0.0,0.0,0.0,0.1,0.0,0.0,0.0
0.0,0.0,0.0,0.0,0.05,0.0,0.0,0.04,0.0,0.0,0.0,0.0,0.0,0.0,0.0,0.0,0.0,0.67,0.0,0.0,0.0
0.0,0.0,0.0,0.0,0.04,0.0,0.0,0.17,0.0,0.0,0.0,0.0,0.0,0.0,0.01,0.0,0.0,0.79,0.0,0.0,0.0
0.0,0.0,0.0,0.0,0.04,0.0,0.04,0.61,0.0,0.0,0.0,0.0,0.0,0.0,0.15,0.0,0.1,0.1,0.0,0.0,0.0
0.0,0.0,0.0,0.0,0.12,0.0,0.0,0.02,0.0,0.0,0.0,0.0,0.0,0.0,0.0,0.0,0.18,0.0,0.0,0.0,0.0
0.0,0.0,0.0,0.0,0.33,0.0,0.0,0.01,0.13,0.0,0.0,0.0,0.0,0.0,0.0,0.0,0.13,0.04,0.0,0.0,0.0
0.0,0.0,0.0,0.0,0.01,0.0,0.0,0.28,0.01,0.0,0.0,0.0,0.0,0.0,0.0,0.0,0.0,0.0,0.0,0.0,0.0
0.0,0.0,0.0,0.0,0.06,0.0,0.0,0.47,0.0,0.0,0.0,0.0,0.0,0.0,0.0,0.0,0.0,0.04,0.0,0.0,0.0
0.0,0.0,0.0,0.0,0.22,0.0,0.0,0.09,0.0,0.08,0.0,0.0,0.0,0.0,0.02,0.0,0.01,0.05,0.0,0.0,0.0
0.0,0.0,0.0,0.0,0.07,0.0,0.0,0.15,0.0,0.07,0.0,0.06,0.0,0.0,0.0,0.0,0.23,0.4,0.0,0.0,0.0
0.0,0.0,0.0,0.0,0.19,0.0,0.01,0.05,0.0,0.0,0.0,0.0,0.0,0.0,0.0,0.0,0.31,0.36,0.0,0.0,0.0
0.0,0.0,0.0,0.0,0.11,0.0,0.0,0.22,0.0,0.0,0.0,0.0,0.0,0.0,0.0,0.0,0.09,0.58,0.0,0.0,0.0
0.0,0.0,0.0,0.0,0.59,0.0,0.0,0.34,0.0,0.0,0.0,0.0,0.0,0.0,0.0,0.0,0.02,0.11,0.0,0.0,0.0
0.0,0.0,0.0,0.0,0.32,0.0,0.0,0.43,0.0,0.0,0.0,0.0,0.0,0.0,0.11,0.0,0.06,0.02,0.0,0.07,0.0
0.0,0.0,0.0,0.0,0.34,0.0,0.0,0.59,0.0,0.0,0.0,0.0,0.0,0.0,0.01,0.0,0.0,0.1,0.0,0.0,0.0
0.0,0.0,0.0,0.0,0.78,0.0,0.0,0.17,0.0,0.0,0.0,0.0,0.0,0.0,0.0,0.0,0.0,0.11,0.0,0.0,0.0
0.0,0.0,0.0,0.0,1.0,0.0,0.0,0.0,0.0,0.0,0.0,0.0,0.0,0.0,0.0,0.0,0.0,0.35,0.0,0.0,0.0
0.0,0.0,0.0,0.0,0.89,0.0,0.0,0.03,0.0,0.0,0.0,0.0,0.0,0.0,0.0,0.0,0.0,0.1,0.0,0.0,0.0
0.0,0.0,0.0,0.0,0.43,0.0,0.0,0.02,0.02,0.0,0.0,0.0,0.0,0.0,0.0,0.0,0.0,0.18,0.0,0.0,0.0
0.0,0.0,0.0,0.0,0.6,0.0,0.0,0.02,0.01,0.0,0.0,0.0,0.0,0.0,0.06,0.0,0.0,0.34,0.0,0.0,0.0
0.0,0.0,0.0,0.0,0.2,0.0,0.0,0.0,0.03,0.0,0.0,0.0,0.0,0.0,0.03,0.0,0.92,0.18,0.0,0.0,0.0
0.0,0.0,0.0,0.0,0.12,0.0,0.0,0.0,0.03,0.0,0.0,0.0,0.0,0.0,0.0,0.0,0.47,0.0,0.0,0.0,0.0
0.0,0.0,0.0,0.0,0.31,0.0,0.0,0.0,0.56,0.0,0.0,0.0,0.0,0.0,0.0,0.0,0.14,0.0,0.0,0.0,0.0
0.0,0.0,0.0,0.0,0.15,0.0,0.0,0.0,0.0,0.0,0.0,0.0,0.0,0.0,0.0,0.0,0.82,0.0,0.0,0.0,0.0
0.0,0.0,0.01,0.0,0.66,0.0,0.0,0.0,0.0,0.0,0.0,0.0,0.0,0.0,0.0,0.0,0.07,0.0,0.0,0.0,0.0
0.0,0.0,0.0,0.0,0.0,0.0,0.0,0.0,0.0,0.0,0.0,0.0,0.0,0.0,0.18,0.0,0.28,0.0,0.0,0.0,0.0
0.0,0.0,0.05,0.0,0.0,0.0,0.0,0.0,0.0,0.0,0.0,0.0,0.0,0.0,0.0,0.12,0.42,0.0,0.0,0.0,0.0
0.0,0.0,0.01,0.0,0.0,0.0,0.0,0.0,0.0,0.0,0.0,0.0,0.0,0.0,0.0,0.0,0.0,0.0,0.0,0.0,0.0
0.0,0.0,0.0,0.0,0.0,0.0,0.0,0.0,0.0,0.0,0.0,0.0,0.0,0.0,0.0,0.0,0.0,0.0,0.0,0.0,0.0
0.0,0.0,0.0,0.0,0.0,0.0,0.0,0.0,0.0,0.0,0.0,0.0,0.0,0.0,0.0,0.0,0.0,0.0,0.0,0.0,0.0
0.0,0.0,0.03,0.0,0.0,0.0,0.0,0.0,0.0,0.0,0.0,0.0,0.0,0.0,0.0,0.3,0.28,0.0,0.0,0.0,0.0
0.0,0.0,0.14,0.0,0.0,0.0,0.0,0.0,0.0,0.0,0.0,0.0,0.0,0.0,0.0,0.47,0.39,0.0,0.0,0.0,0.0
0.0,0.0,0.45,0.0,0.0,0.0,0.0,0.0,0.0,0.0,0.0,0.0,0.0,0.0,0.0,0.0,0.0,0.0,0.0,0.0,0.0
0.0,0.0,0.0,0.0,0.0,0.0,0.0,0.0,0.0,0.0,0.0,0.0,0.0,0.0,0.0,0.0,0.0,0.0,0.0,0.0,0.0
0.0,0.0,0.0,0.0,0.0,0.0,0.0,0.0,0.0,0.0,0.0,0.0,0.0,0.0,0.0,0.0,0.0,0.0,0.0,0.0,0.0
0.0,0.0,0.0,0.0,0.0,0.0,0.0,0.0,0.0,0.0,0.0,0.0,0.0,0.0,0.0,0.0,0.0,0.0,0.0,0.0,0.0
0.0,0.0,0.0,0.0,0.0,0.0,0.0,0.0,0.0,0.0,0.0,0.0,0.0,0.0,0.0,0.0,0.0,0.0,0.0,0.0,0.0
0.0,0.0,0.0,0.0,0.0,0.0,0.0,0.0,0.0,0.0,0.0,0.0,0.0,0.0,0.0,0.0,0.0,0.0,0.0,0.0,0.0
0.0,0.0,0.0,0.0,0.0,0.0,0.0,0.0,0.0,0.0,0.0,0.0,0.0,0.0,0.0,0.0,0.0,0.0,0.0,0.0,0.0
0.0,0.0,0.0,0.0,0.0,0.0,0.0,0.0,0.0,0.0,0.0,0.0,0.0,0.0,0.0,0.0,0.0,0.0,0.0,0.0,0.0
0.0,0.0,0.0,0.0,0.04,0.0,0.02,0.12,0.1,0.0,0.0,0.0,0.0,0.0,0.09,0.0,0.15,0.0,0.0,0.0,0.0
0.0,0.0,0.0,0.0,0.0,0.0,0.01,0.61,0.0,0.0,0.0,0.0,0.0,0.0,0.09,0.0,0.0,0.0,0.0,0.0,0.0
0.0,0.0,0.0,0.0,0.0,0.0,0.0,0.25,0.0,0.08,0.0,0.59,0.0,0.0,0.0,0.0,0.0,0.0,0.0,0.0,0.0
0.0,0.0,0.0,0.0,0.0,0.0,0.0,0.27,0.0,0.0,0.0,0.24,0.0,0.0,0.0,0.0,0.0,0.08,0.0,0.0,0.0
0.0,0.0,0.0,0.0,0.0,0.0,0.0,0.43,0.0,0.0,0.0,0.11,0.0,0.0,0.12,0.0,0.0,0.09,0.0,0.0,0.0
0.0,0.0,0.0,0.0,0.01,0.0,0.0,0.38,0.0,0.0,0.0,0.0,0.0,0.0,0.0,0.0,0.0,0.06,0.0,0.0,0.0
0.0,0.0,0.0,0.0,0.08,0.0,0.03,0.16,0.0,0.0,0.0,0.0,0.0,0.03,0.0,0.0,0.0,0.08,0.0,0.0,0.0
0.0,0.0,0.0,0.0,0.09,0.0,0.09,0.08,0.0,0.0,0.0,0.0,0.0,0.0,0.08,0.0,0.0,0.1,0.0,0.0,0.0
0.0,0.0,0.0,0.0,0.01,0.0,0.0,0.15,0.0,0.0,0.0,0.0,0.0,0.0,0.0,0.0,0.0,0.05,0.0,0.0,0.0
0.0,0.0,0.0,0.0,0.0,0.0,0.0,0.36,0.0,0.0,0.0,0.0,0.0,0.0,0.0,0.0,0.0,0.01,0.0,0.0,0.0
0.0,0.0,0.0,0.0,0.01,0.0,0.0,0.24,0.0,0.0,0.0,0.0,0.0,0.0,0.03,0.0,0.0,0.13,0.0,0.0,0.0
0.0,0.0,0.0,0.0,0.02,0.0,0.0,0.24,0.0,0.0,0.0,0.0,0.0,0.0,0.0,0.0,0.0,0.03,0.0,0.0,0.0
0.0,0.0,0.0,0.0,0.0,0.0,0.01,0.17,0.0,0.0,0.0,0.0,0.0,0.0,0.02,0.0,0.0,0.53,0.0,0.0,0.0
0.0,0.0,0.0,0.0,0.13,0.0,0.0,0.12,0.0,0.0,0.0,0.0,0.0,0.0,0.11,0.0,0.0,0.07,0.0,0.0,0.0
0.0,0.0,0.0,0.0,0.3,0.0,0.0,0.04,0.0,0.0,0.0,0.0,0.0,0.0,0.0,0.0,0.0,0.02,0.0,0.0,0.0
0.0,0.0,0.0,0.0,0.47,0.0,0.0,0.07,0.04,0.0,0.0,0.0,0.0,0.0,0.0,0.0,0.0,0.01,0.0,0.0,0.0
0.0,0.0,0.0,0.0,0.44,0.0,0.0,0.03,0.01,0.0,0.0,0.0,0.0,0.0,0.01,0.0,0.15,0.17,0.0,0.0,0.0
0.0,0.0,0.0,0.0,0.31,0.0,0.0,0.03,0.0,0.0,0.0,0.0,0.0,0.0,0.13,0.0,0.09,0.42,0.0,0.0,0.0
0.0,0.0,0.0,0.0,0.26,0.0,0.0,0.0,0.0,0.0,0.0,0.0,0.0,0.0,0.0,0.0,0.27,0.27,0.0,0.2,0.0
0.0,0.0,0.0,0.0,0.0,0.0,0.0,0.0,0.0,0.0,0.0,0.0,0.0,0.02,0.01,0.0,0.13,0.4,0.0,0.44,0.0
0.0,0.0,0.0,0.0,0.0,0.0,0.0,0.01,0.0,0.0,0.0,0.0,0.0,0.0,0.01,0.0,0.0,0.31,0.0,0.67,0.0
0.0,0.0,0.0,0.0,0.0,0.0,0.0,0.05,0.0,0.0,0.0,0.0,0.0,0.0,0.0,0.0,0.0,0.25,0.0,0.7,0.0
0.0,0.0,0.0,0.0,0.0,0.0,0.0,0.0,0.0,0.0,0.0,0.0,0.0,0.0,0.0,0.0,0.04,0.07,0.0,0.89,0.0
0.0,0.0,0.0,0.0,0.05,0.0,0.0,0.05,0.0,0.0,0.0,0.0,0.0,0.0,0.0,0.0,0.28,0.08,0.0,0.56,0.0
0.0,0.0,0.0,0.0,0.04,0.0,0.0,0.47,0.0,0.0,0.0,0.0,0.0,0.0,0.0,0.0,0.0,0.3,0.0,0.19,0.0
0.0,0.0,0.0,0.0,0.2,0.0,0.0,0.01,0.0,0.0,0.0,0.0,0.0,0.0,0.0,0.0,0.0,0.05,0.0,0.01,0.0
0.0,0.0,0.0,0.0,0.33,0.0,0.0,0.49,0.0,0.0,0.0,0.0,0.0,0.0,0.0,0.0,0.0,0.19,0.0,0.0,0.0
0.0,0.0,0.0,0.0,0.61,0.0,0.0,0.16,0.0,0.0,0.0,0.0,0.0,0.0,0.0,0.0,0.0,0.24,0.0,0.0,0.0
0.0,0.0,0.0,0.07,0.6,0.0,0.0,0.01,0.0,0.0,0.0,0.0,0.0,0.0,0.06,0.0,0.0,0.26,0.0,0.02,0.0
0.0,0.0,0.0,0.0,0.78,0.0,0.0,0.01,0.0,0.0,0.0,0.0,0.0,0.0,0.05,0.0,0.0,0.22,0.0,0.0,0.0
0.0,0.0,0.0,0.0,0.61,0.0,0.0,0.0,0.25,0.0,0.0,0.0,0.0,0.0,0.0,0.0,0.49,0.0,0.0,0.0,0.0
0.0,0.0,0.0,0.0,0.41,0.0,0.0,0.0,0.0,0.0,0.0,0.0,0.0,0.0,0.0,0.04,0.39,0.0,0.0,0.0,0.0
0.0,0.0,0.0,0.0,0.58,0.0,0.0,0.0,0.05,0.0,0.0,0.0,0.0,0.0,0.0,0.0,0.07,0.0,0.0,0.0,0.0
0.0,0.0,0.04,0.0,0.12,0.0,0.0,0.0,0.02,0.0,0.0,0.0,0.0,0.0,0.0,0.0,0.75,0.0,0.0,0.0,0.0
0.0,0.0,0.0,0.0,0.49,0.0,0.0,0.0,0.0,0.0,0.0,0.0,0.0,0.0,0.0,0.0,0.01,0.0,0.0,0.0,0.0
0.0,0.0,0.0,0.0,0.03,0.0,0.0,0.0,0.0,0.0,0.0,0.0,0.0,0.0,0.0,0.0,0.0,0.0,0.0,0.0,0.0
0.0,0.0,0.0,0.0,0.0,0.0,0.0,0.0,0.0,0.0,0.0,0.0,0.0,0.0,0.0,0.0,0.0,0.0,0.0,0.0,0.0
0.0,0.0,0.0,0.0,0.0,0.0,0.0,0.0,0.0,0.0,0.0,0.0,0.0,0.0,0.0,0.0,0.0,0.0,0.0,0.0,0.0
0.0,0.0,0.0,0.0,0.0,0.0,0.0,0.0,0.0,0.0,0.0,0.0,0.0,0.0,0.0,0.0,0.0,0.0,0.0,0.0,0.0
0.0,0.0,0.05,0.0,0.0,0.0,0.0,0.0,0.0,0.0,0.0,0.0,0.0,0.0,0.0,0.0,0.39,0.0,0.0,0.0,0.0
0.0,0.0,0.0,0.0,0.0,0.0,0.0,0.0,0.0,0.0,0.0,0.0,0.0,0.0,0.0,0.0,1.0,0.0,0.0,0.0,0.0
0.0,0.0,0.04,0.0,0.0,0.0,0.0,0.0,0.0,0.0,0.0,0.0,0.0,0.0,0.0,0.0,0.96,0.0,0.0,0.0,0.0
0.0,0.0,0.8,0.0,0.0,0.0,0.0,0.0,0.0,0.0,0.0,0.0,0.0,0.0,0.0,0.0,0.0,0.0,0.0,0.0,0.0
0.0,0.0,0.08,0.0,0.0,0.0,0.0,0.0,0.0,0.0,0.0,0.0,0.0,0.0,0.0,0.0,0.0,0.0,0.0,0.0,0.0
0.0,0.0,0.03,0.0,0.0,0.0,0.0,0.0,0.0,0.0,0.0,0.0,0.0,0.0,0.0,0.0,0.0,0.0,0.0,0.0,0.0
0.0,0.0,0.0,0.0,0.0,0.0,0.0,0.0,0.0,0.0,0.0,0.0,0.0,0.0,0.0,0.0,0.0,0.0,0.0,0.0,0.0
0.0,0.0,0.0,0.0,0.0,0.0,0.0,0.0,0.0,0.0,0.0,0.0,0.0,0.0,0.0,0.0,0.0,0.0,0.0,0.0,0.0
0.0,0.0,0.0,0.0,0.0,0.0,0.0,0.0,0.0,0.0,0.0,0.0,0.0,0.0,0.0,0.0,0.0,0.0,0.0,0.0,0.0
0.0,0.0,0.0,0.0,0.0,0.0,0.0,0.0,0.0,0.0,0.0,0.0,0.0,0.0,0.0,0.0,0.0,0.0,0.0,0.0,0.0
0.0,0.0,0.0,0.0,0.0,0.0,0.0,0.0,0.0,0.0,0.0,0.0,0.0,0.0,0.0,0.0,0.0,0.0,0.0,0.0,0.0
0.0,0.0,0.0,0.0,0.44,0.0,0.0,0.08,0.0,0.0,0.0,0.0,0.0,0.0,0.0,0.0,0.05,0.17,0.0,0.0,0.0
0.0,0.0,0.0,0.0,0.01,0.0,0.05,0.07,0.0,0.0,0.0,0.0,0.0,0.14,0.0,0.0,0.32,0.25,0.0,0.0,0.0
0.0,0.0,0.0,0.0,0.03,0.0,0.07,0.17,0.0,0.0,0.0,0.0,0.0,0.0,0.07,0.0,0.21,0.19,0.0,0.0,0.0
0.0,0.0,0.0,0.0,0.12,0.0,0.0,0.05,0.0,0.0,0.0,0.0,0.0,0.0,0.0,0.0,0.02,0.4,0.0,0.0,0.0
0.0,0.0,0.0,0.0,0.0,0.0,0.0,0.19,0.0,0.0,0.0,0.0,0.0,0.0,0.0,0.0,0.0,0.2,0.0,0.0,0.0
0.0,0.0,0.0,0.0,0.0,0.0,0.0,0.66,0.0,0.0,0.0,0.0,0.0,0.0,0.0,0.0,0.0,0.0,0.0,0.0,0.0
0.0,0.0,0.0,0.0,0.0,0.0,0.15,0.32,0.0,0.0,0.0,0.0,0.0,0.0,0.0,0.0,0.0,0.0,0.0,0.0,0.0
0.0,0.0,0.0,0.0,0.0,0.0,0.11,0.33,0.0,0.0,0.0,0.0,0.0,0.0,0.0,0.0,0.0,0.07,0.0,0.0,0.0
0.0,0.0,0.0,0.0,0.0,0.0,0.03,0.13,0.0,0.0,0.0,0.0,0.0,0.0,0.06,0.0,0.0,0.0,0.0,0.0,0.0
0.0,0.0,0.0,0.0,0.0,0.0,0.0,0.33,0.0,0.0,0.0,0.0,0.0,0.0,0.0,0.0,0.0,0.0,0.0,0.0,0.0
0.0,0.0,0.0,0.0,0.07,0.0,0.0,0.29,0.0,0.0,0.0,0.0,0.0,0.0,0.25,0.0,0.0,0.0,0.0,0.0,0.0
0.0,0.0,0.0,0.0,0.14,0.0,0.0,0.06,0.08,0.0,0.0,0.0,0.0,0.0,0.0,0.0,0.0,0.04,0.0,0.0,0.0
0.0,0.0,0.0,0.0,0.26,0.0,0.0,0.06,0.21,0.0,0.0,0.0,0.0,0.0,0.08,0.0,0.01,0.16,0.0,0.0,0.0
0.0,0.0,0.0,0.0,0.51,0.0,0.0,0.04,0.26,0.0,0.0,0.0,0.0,0.0,0.01,0.0,0.0,0.06,0.0,0.0,0.0
0.0,0.0,0.0,0.0,0.86,0.0,0.0,0.03,0.09,0.0,0.0,0.0,0.0,0.0,0.0,0.0,0.0,0.07,0.0,0.0,0.0
0.0,0.0,0.0,0.0,0.08,0.0,0.0,0.1,0.1,0.0,0.0,0.0,0.0,0.0,0.0,0.0,0.07,0.01,0.0,0.0,0.0
0.0,0.0,0.0,0.0,0.21,0.0,0.0,0.09,0.11,0.0,0.0,0.0,0.0,0.0,0.06,0.0,0.31,0.0,0.0,0.0,0.0
0.0,0.0,0.0,0.0,0.11,0.0,0.0,0.0,0.02,0.0,0.0,0.0,0.0,0.0,0.09,0.0,0.55,0.15,0.0,0.08,0.0
0.0,0.0,0.0,0.0,0.0,0.0,0.0,0.0,0.0,0.0,0.0,0.0,0.0,0.0,0.3,0.0,0.08,0.03,0.0,0.59,0.0
0.0,0.0,0.0,0.0,0.0,0.0,0.0,0.01,0.4,0.0,0.0,0.0,0.0,0.02,0.46,0.0,0.01,0.02,0.0,0.01,0.0
0.0,0.0,0.0,0.0,0.35,0.0,0.0,0.01,0.26,0.0,0.0,0.0,0.0,0.0,0.0,0.0,0.07,0.26,0.0,0.01,0.0
0.0,0.0,0.0,0.0,0.0,0.0,0.0,0.0,0.0,0.0,0.0,0.0,0.0,0.0,0.07,0.0,0.0,0.56,0.0,0.37,0.0
0.0,0.0,0.0,0.0,0.0,0.0,0.0,0.0,0.0,0.0,0.0,0.0,0.0,0.0,0.0,0.0,0.0,0.08,0.0,0.92,0.0
0.0,0.0,0.0,0.0,0.0,0.0,0.0,0.0,0.0,0.0,0.0,0.0,0.0,0.0,0.0,0.0,0.0,0.0,0.0,1.0,0.0
0.0,0.0,0.0,0.0,0.0,0.0,0.0,0.0,0.0,0.0,0.0,0.0,0.0,0.0,0.0,0.0,0.0,0.03,0.0,1.0,0.0
0.0,0.0,0.0,0.0,0.07,0.0,0.0,0.04,0.0,0.0,0.0,0.0,0.0,0.0,0.0,0.0,0.0,0.15,0.0,0.84,0.0
0.0,0.0,0.0,0.0,0.22,0.0,0.0,0.5,0.0,0.0,0.0,0.0,0.0,0.0,0.0,0.0,0.0,0.24,0.0,0.19,0.0
0.0,0.0,0.0,0.0,0.05,0.0,0.0,0.51,0.0,0.0,0.0,0.0,0.0,0.0,0.0,0.0,0.0,0.47,0.0,0.04,0.0
0.0,0.0,0.0,0.0,0.0,0.0,0.0,0.0,0.0,0.0,0.0,0.0,0.0,0.0,0.19,0.0,0.0,0.81,0.0,0.08,0.0
0.0,0.0,0.0,0.0,0.43,0.0,0.0,0.0,0.0,0.0,0.0,0.0,0.0,0.0,0.01,0.0,0.0,0.57,0.0,0.0,0.0
0.0,0.0,0.0,0.0,0.99,0.0,0.0,0.0,0.01,0.0,0.0,0.0,0.0,0.0,0.0,0.0,0.0,0.0,0.0,0.0,0.0
0.0,0.0,0.0,0.0,0.65,0.0,0.0,0.0,0.0,0.0,0.0,0.0,0.0,0.0,0.0,0.06,0.29,0.0,0.0,0.0,0.0
0.0,0.0,0.0,0.0,0.04,0.0,0.0,0.08,0.0,0.0,0.0,0.0,0.0,0.0,0.0,0.01,0.12,0.12,0.0,0.0,0.0
0.0,0.0,0.0,0.0,0.0,0.0,0.0,0.0,0.0,0.0,0.0,0.0,0.0,0.0,0.0,0.0,0.39,0.11,0.0,0.0,0.0
0.0,0.0,0.0,0.0,0.04,0.0,0.0,0.0,0.0,0.0,0.0,0.0,0.0,0.0,0.0,0.0,0.0,0.0,0.0,0.0,0.0
0.0,0.0,0.0,0.0,0.0,0.0,0.0,0.0,0.0,0.0,0.0,0.0,0.0,0.0,0.0,0.0,0.0,0.0,0.0,0.0,0.0
0.0,0.0,0.0,0.0,0.0,0.0,0.0,0.0,0.0,0.0,0.0,0.0,0.0,0.0,0.0,0.0,0.0,0.0,0.0,0.0,0.0
0.0,0.0,0.01,0.0,0.0,0.0,0.0,0.0,0.0,0.0,0.0,0.0,0.0,0.0,0.0,0.0,0.0,0.0,0.0,0.0,0.0
0.0,0.0,0.04,0.0,0.0,0.0,0.0,0.0,0.0,0.0,0.0,0.0,0.0,0.0,0.0,0.0,0.48,0.0,0.0,0.0,0.0
0.0,0.0,0.0,0.0,0.0,0.0,0.0,0.0,0.0,0.0,0.0,0.0,0.0,0.0,0.0,0.0,1.0,0.0,0.0,0.0,0.0
0.0,0.0,0.0,0.0,0.0,0.0,0.0,0.0,0.0,0.0,0.0,0.0,0.0,0.0,0.0,0.0,1.0,0.0,0.0,0.0,0.0
0.0,0.0,0.02,0.0,0.0,0.0,0.0,0.0,0.0,0.0,0.0,0.0,0.0,0.0,0.0,0.0,0.73,0.0,0.0,0.0,0.25
0.0,0.0,0.77,0.0,0.0,0.0,0.0,0.0,0.0,0.0,0.0,0.0,0.0,0.0,0.0,0.0,0.09,0.0,0.0,0.0,0.14
0.0,0.0,0.76,0.0,0.0,0.0,0.0,0.0,0.0,0.0,0.0,0.0,0.0,0.0,0.0,0.0,0.16,0.0,0.0,0.0,0.08
0.0,0.0,0.26,0.0,0.0,0.0,0.0,0.0,0.0,0.0,0.0,0.0,0.0,0.0,0.0,0.0,0.7,0.0,0.0,0.0,0.0
0.0,0.0,0.25,0.0,0.0,0.0,0.0,0.0,0.0,0.0,0.0,0.0,0.0,0.0,0.0,0.0,0.03,0.0,0.0,0.0,0.0
0.0,0.0,0.0,0.0,0.0,0.0,0.0,0.0,0.0,0.0,0.0,0.0,0.0,0.0,0.0,0.0,0.0,0.0,0.0,0.0,0.0
0.0,0.0,0.0,0.0,0.0,0.0,0.0,0.0,0.0,0.0,0.0,0.0,0.0,0.0,0.0,0.0,0.0,0.0,0.0,0.0,0.0
0.0,0.0,0.0,0.0,0.0,0.0,0.0,0.0,0.0,0.0,0.0,0.0,0.0,0.0,0.0,0.0,0.0,0.0,0.0,0.0,0.0
0.0,0.0,0.07,0.0,0.0,0.0,0.0,0.01,0.0,0.0,0.0,0.0,0.0,0.0,0.0,0.0,0.0,0.0,0.19,0.0,0.0
0.0,0.0,0.0,0.0,0.04,0.0,0.0,0.2,0.0,0.0,0.0,0.0,0.0,0.0,0.0,0.0,0.0,0.03,0.0,0.0,0.0
0.0,0.0,0.0,0.0,0.0,0.0,0.0,0.19,0.0,0.0,0.0,0.0,0.0,0.0,0.0,0.0,0.0,0.36,0.0,0.0,0.0
0.0,0.0,0.0,0.0,0.15,0.0,0.0,0.24,0.0,0.0,0.0,0.0,0.0,0.0,0.0,0.0,0.05,0.01,0.0,0.0,0.0
0.0,0.0,0.0,0.0,0.5,0.0,0.0,0.04,0.01,0.0,0.0,0.0,0.0,0.0,0.0,0.0,0.26,0.01,0.0,0.0,0.0
0.0,0.0,0.0,0.0,0.0,0.0,0.0,0.12,0.0,0.0,0.0,0.0,0.0,0.0,0.0,0.0,0.33,0.0,0.0,0.0,0.0
0.0,0.0,0.0,0.0,0.0,0.0,0.01,0.6,0.0,0.0,0.02,0.0,0.0,0.11,0.0,0.0,0.19,0.0,0.0,0.0,0.0
0.0,0.0,0.0,0.0,0.09,0.0,0.1,0.15,0.0,0.0,0.12,0.0,0.0,0.14,0.03,0.0,0.33,0.0,0.0,0.0,0.0
0.0,0.0,0.0,0.0,0.09,0.0,0.23,0.05,0.0,0.0,0.0,0.0,0.0,0.0,0.16,0.0,0.3,0.03,0.0,0.02,0.0
0.0,0.0,0.0,0.0,0.15,0.0,0.12,0.2,0.0,0.0,0.0,0.0,0.0,0.0,0.0,0.0,0.29,0.02,0.0,0.05,0.0
0.0,0.0,0.0,0.0,0.29,0.0,0.0,0.14,0.03,0.0,0.0,0.0,0.0,0.0,0.0,0.0,0.24,0.0,0.0,0.0,0.0
0.0,0.0,0.0,0.0,0.15,0.0,0.0,0.04,0.19,0.0,0.0,0.0,0.0,0.02,0.0,0.0,0.3,0.0,0.0,0.0,0.0
0.0,0.0,0.0,0.0,0.53,0.0,0.0,0.07,0.27,0.0,0.0,0.0,0.0,0.0,0.0,0.0,0.18,0.0,0.0,0.0,0.0
0.0,0.0,0.0,0.0,0.31,0.0,0.0,0.01,0.51,0.0,0.0,0.0,0.0,0.0,0.0,0.0,0.24,0.0,0.0,0.0,0.0
0.0,0.0,0.0,0.0,0.48,0.0,0.0,0.06,0.14,0.0,0.0,0.0,0.0,0.0,0.0,0.0,0.32,0.0,0.0,0.0,0.0
0.0,0.0,0.0,0.0,0.27,0.0,0.0,0.05,0.17,0.0,0.0,0.0,0.0,0.0,0.0,0.0,0.23,0.0,0.0,0.0,0.0
0.0,0.0,0.0,0.0,0.11,0.0,0.0,0.02,0.02,0.0,0.0,0.0,0.0,0.0,0.0,0.0,0.47,0.0,0.0,0.0,0.0
0.0,0.0,0.0,0.0,0.05,0.0,0.0,0.0,0.0,0.0,0.0,0.0,0.0,0.0,0.0,0.0,0.95,0.0,0.0,0.0,0.0
0.0,0.0,0.0,0.0,0.0,0.0,0.0,0.0,0.0,0.0,0.0,0.0,0.0,0.0,0.0,0.0,0.82,0.0,0.0,0.18,0.0
0.0,0.0,0.0,0.0,0.25,0.0,0.0,0.03,0.0,0.0,0.0,0.0,0.0,0.0,0.01,0.0,0.0,0.09,0.0,0.3,0.0
0.0,0.0,0.0,0.0,0.05,0.0,0.0,0.1,0.01,0.0,0.0,0.0,0.0,0.0,0.04,0.0,0.0,0.0,0.0,0.0,0.0
0.0,0.0,0.0,0.0,0.12,0.0,0.0,0.02,0.42,0.0,0.0,0.0,0.0,0.02,0.0,0.02,0.03,0.04,0.0,0.0,0.0
0.0,0.0,0.0,0.0,0.03,0.0,0.0,0.0,0.13,0.0,0.0,0.0,0.0,0.01,0.46,0.08,0.08,0.21,0.0,0.0,0.0
0.0,0.0,0.0,0.0,0.0,0.0,0.0,0.0,0.0,0.0,0.0,0.0,0.0,0.0,0.4,0.0,0.0,0.55,0.0,0.05,0.0
0.0,0.0,0.0,0.0,0.0,0.0,0.0,0.0,0.0,0.0,0.0,0.0,0.0,0.0,0.0,0.0,0.0,0.45,0.0,0.55,0.0
0.0,0.0,0.0,0.0,0.0,0.0,0.0,0.0,0.0,0.0,0.0,0.0,0.0,0.0,0.0,0.0,0.0,0.01,0.0,0.99,0.0
0.0,0.0,0.0,0.0,0.0,0.0,0.0,0.0,0.0,0.0,0.0,0.0,0.0,0.0,0.0,0.0,0.0,0.0,0.0,1.0,0.0
0.0,0.0,0.0,0.0,0.0,0.0,0.0,0.0,0.0,0.0,0.0,0.0,0.0,0.0,0.0,0.0,0.0,0.08,0.0,1.0,0.0
0.0,0.0,0.0,0.0,0.18,0.0,0.0,0.08,0.0,0.0,0.0,0.0,0.0,0.0,0.19,0.0,0.0,0.12,0.0,0.17,0.0
0.0,0.0,0.0,0.0,0.22,0.0,0.0,0.29,0.0,0.0,0.0,0.0,0.0,0.0,0.04,0.0,0.0,0.22,0.0,0.0,0.0
0.0,0.0,0.0,0.07,0.3,0.0,0.0,0.05,0.0,0.0,0.0,0.0,0.0,0.0,0.03,0.0,0.0,0.59,0.0,0.0,0.0
0.0,0.0,0.0,0.0,0.95,0.0,0.0,0.0,0.0,0.0,0.0,0.0,0.0,0.0,0.0,0.0,0.0,0.05,0.0,0.0,0.0
0.0,0.0,0.0,0.0,0.92,0.0,0.0,0.0,0.0,0.0,0.0,0.0,0.0,0.0,0.0,0.0,0.08,0.0,0.0,0.0,0.0
0.0,0.0,0.0,0.0,0.16,0.0,0.0,0.0,0.0,0.0,0.0,0.0,0.0,0.0,0.0,0.0,0.11,0.19,0.0,0.0,0.0
0.0,0.0,0.0,0.0,0.0,0.0,0.0,0.0,0.0,0.0,0.0,0.0,0.0,0.0,0.0,0.0,0.0,0.0,0.0,0.0,0.0
0.0,0.0,0.0,0.0,0.0,0.0,0.0,0.0,0.0,0.0,0.0,0.0,0.0,0.0,0.0,0.0,0.0,0.0,0.0,0.0,0.0
0.0,0.0,0.0,0.0,0.0,0.0,0.0,0.0,0.0,0.0,0.0,0.0,0.0,0.0,0.0,0.0,0.0,0.0,0.0,0.0,0.0
0.0,0.0,0.01,0.0,0.0,0.0,0.0,0.0,0.0,0.0,0.0,0.0,0.0,0.0,0.0,0.0,0.0,0.0,0.0,0.0,0.0
0.0,0.0,0.08,0.0,0.0,0.0,0.0,0.0,0.0,0.0,0.0,0.0,0.0,0.0,0.0,0.0,0.58,0.0,0.0,0.0,0.0
0.0,0.0,0.0,0.0,0.0,0.0,0.0,0.0,0.0,0.0,0.0,0.0,0.0,0.0,0.0,0.0,1.0,0.0,0.0,0.0,0.0
0.0,0.0,0.0,0.0,0.0,0.0,0.0,0.0,0.0,0.0,0.0,0.0,0.0,0.0,0.0,0.0,1.0,0.0,0.0,0.0,0.0
0.0,0.0,0.0,0.0,0.0,0.0,0.0,0.0,0.0,0.0,0.0,0.0,0.0,0.0,0.0,0.0,1.0,0.0,0.0,0.0,0.0
0.0,0.0,0.0,0.0,0.0,0.0,0.0,0.0,0.0,0.0,0.0,0.0,0.0,0.0,0.0,0.0,1.0,0.0,0.0,0.0,0.0
0.0,0.0,0.01,0.0,0.0,0.0,0.0,0.0,0.0,0.0,0.0,0.0,0.0,0.0,0.0,0.0,0.7,0.0,0.0,0.0,0.29
0.0,0.0,0.0,0.0,0.0,0.0,0.0,0.0,0.0,0.0,0.0,0.0,0.0,0.0,0.0,0.0,0.81,0.0,0.0,0.0,0.19
0.0,0.0,0.0,0.0,0.0,0.0,0.0,0.0,0.0,0.0,0.0,0.0,0.0,0.0,0.0,0.0,1.0,0.0,0.0,0.0,0.0
0.0,0.0,0.23,0.0,0.0,0.0,0.0,0.0,0.0,0.0,0.0,0.0,0.0,0.0,0.0,0.0,0.68,0.0,0.0,0.0,0.0
0.0,0.0,0.0,0.0,0.0,0.0,0.0,0.0,0.0,0.0,0.0,0.0,0.0,0.0,0.0,0.0,0.0,0.0,0.0,0.0,0.0
0.0,0.0,0.0,0.0,0.0,0.0,0.0,0.0,0.0,0.0,0.0,0.0,0.0,0.0,0.0,0.0,0.0,0.0,0.0,0.0,0.0
0.0,0.0,0.02,0.0,0.0,0.0,0.0,0.09,0.0,0.0,0.0,0.0,0.0,0.0,0.0,0.0,0.0,0.0,0.0,0.0,0.0
0.0,0.0,0.23,0.0,0.0,0.0,0.0,0.44,0.0,0.0,0.0,0.0,0.0,0.0,0.0,0.0,0.0,0.0,0.05,0.0,0.0
0.0,0.0,0.0,0.0,0.14,0.0,0.0,0.25,0.01,0.0,0.0,0.0,0.0,0.0,0.0,0.0,0.0,0.01,0.0,0.0,0.0
0.0,0.0,0.0,0.0,0.0,0.0,0.0,0.22,0.0,0.0,0.0,0.01,0.0,0.0,0.06,0.0,0.0,0.07,0.0,0.0,0.0
0.0,0.0,0.0,0.0,0.0,0.0,0.0,0.23,0.0,0.0,0.0,0.0,0.0,0.0,0.01,0.0,0.0,0.0,0.0,0.0,0.0
0.0,0.0,0.0,0.0,0.32,0.0,0.0,0.21,0.03,0.0,0.0,0.0,0.0,0.0,0.0,0.0,0.0,0.0,0.0,0.0,0.0
0.0,0.0,0.0,0.0,0.0,0.0,0.05,0.17,0.0,0.0,0.08,0.0,0.0,0.0,0.09,0.0,0.0,0.01,0.0,0.2,0.0
0.0,0.0,0.0,0.0,0.0,0.0,0.27,0.03,0.0,0.0,0.0,0.0,0.0,0.02,0.02,0.0,0.0,0.31,0.0,0.35,0.0
0.0,0.0,0.0,0.0,0.0,0.0,0.15,0.02,0.0,0.0,0.06,0.0,0.0,0.0,0.03,0.0,0.0,0.01,0.0,0.69,0.0
0.0,0.0,0.0,0.0,0.0,0.0,0.02,0.0,0.0,0.0,0.09,0.0,0.0,0.0,0.28,0.0,0.0,0.0,0.0,0.61,0.06
0.0,0.0,0.0,0.0,0.07,0.0,0.0,0.0,0.0,0.0,0.0,0.0,0.0,0.0,0.66,0.0,0.0,0.0,0.0,0.27,0.0
0.0,0.0,0.0,0.0,0.36,0.0,0.2,0.0,0.0,0.0,0.0,0.0,0.0,0.0,0.08,0.0,0.0,0.0,0.0,0.36,0.0
0.0,0.0,0.0,0.0,0.47,0.0,0.15,0.0,0.0,0.0,0.0,0.0,0.0,0.04,0.0,0.0,0.0,0.06,0.0,0.28,0.0
0.0,0.0,0.0,0.0,0.58,0.0,0.0,0.01,0.07,0.0,0.0,0.0,0.0,0.0,0.08,0.0,0.14,0.04,0.0,0.04,0.0
0.0,0.0,0.0,0.0,0.15,0.0,0.0,0.11,0.02,0.0,0.0,0.0,0.0,0.0,0.1,0.0,0.0,0.0,0.0,0.0,0.0
0.0,0.0,0.0,0.0,0.21,0.0,0.0,0.11,0.38,0.0,0.0,0.0,0.0,0.0,0.0,0.0,0.0,0.03,0.0,0.0,0.0
0.0,0.0,0.0,0.0,0.0,0.0,0.0,0.22,0.0,0.0,0.0,0.0,0.0,0.0,0.0,0.0,0.0,0.17,0.0,0.0,0.0
0.0,0.0,0.0,0.0,0.1,0.0,0.0,0.09,0.0,0.0,0.0,0.0,0.0,0.09,0.0,0.0,0.0,0.02,0.0,0.0,0.0
0.0,0.0,0.0,0.0,0.09,0.0,0.0,0.38,0.0,0.0,0.0,0.0,0.0,0.26,0.04,0.0,0.07,0.0,0.0,0.0,0.0
0.0,0.0,0.0,0.0,0.21,0.0,0.0,0.0,0.0,0.0,0.0,0.0,0.0,0.08,0.0,0.0,0.71,0.0,0.0,0.0,0.0
0.0,0.0,0.0,0.0,0.32,0.0,0.0,0.03,0.07,0.0,0.0,0.0,0.0,0.0,0.01,0.0,0.0,0.11,0.0,0.34,0.0
0.0,0.0,0.0,0.0,0.01,0.0,0.0,0.14,0.0,0.0,0.0,0.0,0.0,0.0,0.0,0.0,0.0,0.1,0.0,0.0,0.0
0.0,0.0,0.0,0.0,0.29,0.0,0.0,0.08,0.27,0.0,0.0,0.0,0.0,0.0,0.04,0.0,0.0,0.05,0.0,0.0,0.0
0.0,0.0,0.0,0.0,0.12,0.0,0.0,0.03,0.36,0.0,0.0,0.0,0.0,0.0,0.03,0.0,0.02,0.44,0.0,0.0,0.0
0.0,0.0,0.0,0.0,0.08,0.0,0.0,0.0,0.18,0.0,0.0,0.0,0.0,0.0,0.03,0.0,0.05,0.72,0.0,0.0,0.0
0.0,0.0,0.0,0.0,0.0,0.0,0.0,0.0,0.0,0.0,0.0,0.0,0.0,0.0,0.0,0.0,0.0,1.0,0.0,0.0,0.0
0.0,0.0,0.0,0.0,0.17,0.0,0.0,0.09,0.04,0.0,0.0,0.0,0.0,0.0,0.04,0.0,0.0,0.54,0.0,0.12,0.0
0.0,0.0,0.0,0.0,0.02,0.0,0.0,0.0,0.0,0.0,0.0,0.0,0.0,0.0,0.0,0.0,0.0,0.23,0.0,0.75,0.0
0.0,0.0,0.0,0.0,0.0,0.0,0.0,0.0,0.0,0.0,0.0,0.0,0.0,0.0,0.0,0.0,0.0,0.0,0.0,1.0,0.0
0.0,0.0,0.0,0.0,0.19,0.0,0.0,0.03,0.0,0.0,0.01,0.0,0.0,0.0,0.0,0.0,0.11,0.18,0.0,0.41,0.0
0.0,0.0,0.0,0.0,0.2,0.0,0.0,0.12,0.0,0.0,0.0,0.0,0.0,0.0,0.0,0.0,0.0,0.04,0.0,0.0,0.0
0.0,0.0,0.0,0.0,0.47,0.0,0.0,0.01,0.0,0.0,0.0,0.0,0.0,0.0,0.0,0.0,0.0,0.31,0.0,0.0,0.0
0.0,0.0,0.0,0.0,1.0,0.0,0.0,0.0,0.0,0.0,0.0,0.0,0.0,0.0,0.0,0.0,0.0,0.41,0.0,0.0,0.0
0.0,0.0,0.0,0.0,0.76,0.0,0.0,0.01,0.02,0.0,0.0,0.0,0.0,0.0,0.04,0.0,0.18,0.01,0.0,0.0,0.0
0.0,0.0,0.0,0.0,0.18,0.0,0.0,0.03,0.0,0.0,0.0,0.0,0.0,0.0,0.02,0.0,0.0,0.25,0.0,0.0,0.0
0.0,0.0,0.0,0.0,0.0,0.0,0.0,0.0,0.0,0.0,0.0,0.0,0.0,0.0,0.0,0.0,0.0,0.0,0.0,0.0,0.0
0.0,0.0,0.0,0.0,0.0,0.0,0.0,0.0,0.0,0.0,0.0,0.0,0.0,0.0,0.0,0.0,0.0,0.0,0.0,0.0,0.0
0.0,0.0,0.0,0.0,0.0,0.0,0.0,0.0,0.0,0.0,0.0,0.0,0.0,0.0,0.0,0.0,0.0,0.0,0.0,0.0,0.0
0.0,0.0,0.0,0.0,0.0,0.0,0.0,0.0,0.0,0.0,0.0,0.0,0.0,0.0,0.0,0.0,0.0,0.0,0.0,0.0,0.0
0.0,0.0,0.0,0.0,0.0,0.0,0.0,0.0,0.0,0.0,0.0,0.0,0.0,0.0,0.0,0.0,0.9,0.0,0.0,0.0,0.0
0.0,0.0,0.0,0.0,0.0,0.0,0.0,0.0,0.0,0.0,0.0,0.0,0.0,0.0,0.0,0.0,1.0,0.0,0.0,0.0,0.0
0.0,0.0,0.0,0.0,0.0,0.0,0.0,0.0,0.0,0.0,0.0,0.0,0.0,0.0,0.0,0.0,1.0,0.0,0.0,0.0,0.0
0.0,0.0,0.0,0.0,0.0,0.0,0.0,0.0,0.0,0.0,0.0,0.0,0.0,0.0,0.0,0.0,1.0,0.0,0.0,0.0,0.0
0.0,0.0,0.0,0.0,0.0,0.0,0.0,0.0,0.0,0.0,0.0,0.0,0.0,0.0,0.0,0.0,1.0,0.0,0.0,0.0,0.0
0.0,0.0,0.0,0.0,0.0,0.0,0.0,0.0,0.0,0.0,0.0,0.0,0.0,0.0,0.0,0.0,1.0,0.0,0.0,0.0,0.0
0.0,0.0,0.0,0.0,0.0,0.0,0.0,0.0,0.0,0.0,0.0,0.0,0.0,0.0,0.0,0.0,0.88,0.0,0.0,0.0,0.12
0.0,0.0,0.0,0.0,0.0,0.0,0.0,0.0,0.0,0.0,0.0,0.0,0.0,0.0,0.0,0.0,1.0,0.0,0.0,0.0,0.0
0.0,0.0,0.21,0.0,0.0,0.0,0.0,0.0,0.0,0.0,0.0,0.0,0.0,0.0,0.0,0.0,0.71,0.0,0.0,0.0,0.0
0.0,0.0,0.0,0.0,0.0,0.0,0.0,0.0,0.0,0.0,0.0,0.0,0.0,0.0,0.0,0.0,0.0,0.0,0.0,0.0,0.0
0.0,0.0,0.0,0.0,0.0,0.0,0.0,0.0,0.0,0.0,0.0,0.0,0.0,0.0,0.0,0.0,0.0,0.0,0.0,0.0,0.0
0.0,0.0,0.13,0.0,0.03,0.0,0.0,0.33,0.0,0.0,0.0,0.0,0.0,0.0,0.0,0.0,0.0,0.0,0.0,0.0,0.0
0.0,0.0,0.2,0.0,0.05,0.0,0.0,0.25,0.0,0.0,0.0,0.0,0.0,0.0,0.0,0.0,0.0,0.0,0.0,0.0,0.0
0.0,0.0,0.0,0.0,0.01,0.0,0.06,0.17,0.27,0.0,0.0,0.0,0.0,0.0,0.03,0.0,0.0,0.0,0.0,0.0,0.0
0.0,0.0,0.0,0.0,0.29,0.0,0.03,0.12,0.0,0.0,0.0,0.0,0.0,0.0,0.0,0.0,0.0,0.12,0.0,0.0,0.0
0.0,0.0,0.0,0.0,0.09,0.0,0.0,0.1,0.0,0.0,0.0,0.0,0.0,0.0,0.23,0.0,0.0,0.19,0.0,0.0,0.0
0.0,0.0,0.0,0.0,0.03,0.0,0.01,0.44,0.41,0.0,0.0,0.0,0.0,0.0,0.04,0.0,0.0,0.0,0.0,0.07,0.0
0.0,0.0,0.0,0.0,0.01,0.0,0.06,0.19,0.0,0.0,0.0,0.0,0.0,0.0,0.13,0.0,0.0,0.0,0.0,0.02,0.0
0.0,0.0,0.0,0.0,0.0,0.0,0.0,0.01,0.0,0.0,0.0,0.0,0.0,0.0,0.01,0.0,0.0,0.88,0.0,0.01,0.0
0.0,0.0,0.0,0.0,0.21,0.0,0.01,0.19,0.0,0.0,0.0,0.0,0.0,0.0,0.01,0.0,0.0,0.07,0.0,0.04,0.0
0.0,0.0,0.0,0.0,0.71,0.0,0.02,0.0,0.0,0.0,0.13,0.0,0.0,0.0,0.01,0.0,0.0,0.0,0.0,0.15,0.0
0.0,0.0,0.0,0.0,0.62,0.0,0.0,0.15,0.0,0.0,0.0,0.0,0.0,0.0,0.23,0.0,0.0,0.0,0.0,0.0,0.0
0.0,0.0,0.0,0.0,0.99,0.0,0.0,0.0,0.0,0.0,0.0,0.0,0.0,0.0,0.01,0.0,0.0,0.0,0.0,0.0,0.0
0.0,0.0,0.0,0.0,0.63,0.0,0.04,0.09,0.15,0.0,0.0,0.0,0.0,0.0,0.0,0.0,0.0,0.05,0.0,0.01,0.01
0.0,0.0,0.0,0.0,0.02,0.0,0.31,0.31,0.0,0.0,0.0,0.0,0.0,0.0,0.0,0.0,0.09,0.01,0.0,0.22,0.04
0.0,0.0,0.0,0.0,0.39,0.0,0.0,0.01,0.14,0.0,0.0,0.0,0.0,0.0,0.0,0.0,0.04,0.3,0.0,0.0,0.0
0.0,0.0,0.0,0.0,0.82,0.0,0.0,0.03,0.04,0.0,0.0,0.0,0.0,0.0,0.06,0.0,0.0,0.01,0.0,0.0,0.0
0.0,0.0,0.0,0.0,0.44,0.0,0.0,0.19,0.0,0.0,0.0,0.0,0.0,0.0,0.08,0.0,0.0,0.0,0.0,0.0,0.0
0.0,0.0,0.0,0.0,0.55,0.0,0.0,0.01,0.01,0.0,0.0,0.0,0.0,0.04,0.0,0.0,0.0,0.14,0.0,0.0,0.0
0.0,0.0,0.0,0.0,0.41,0.0,0.0,0.0,0.01,0.0,0.0,0.0,0.0,0.12,0.0,0.0,0.35,0.11,0.0,0.0,0.0
0.0,0.0,0.0,0.0,0.0,0.0,0.0,0.0,0.0,0.0,0.0,0.0,0.0,0.01,0.0,0.0,0.52,0.41,0.0,0.06,0.0
0.0,0.0,0.0,0.0,0.26,0.0,0.0,0.19,0.08,0.0,0.0,0.0,0.0,0.02,0.26,0.0,0.0,0.01,0.0,0.22,0.0
0.0,0.0,0.0,0.0,0.0,0.0,0.0,0.14,0.0,0.0,0.0,0.0,0.0,0.01,0.03,0.0,0.0,0.02,0.0,0.0,0.0
0.0,0.0,0.0,0.0,0.01,0.0,0.0,0.28,0.04,0.0,0.0,0.0,0.0,0.0,0.04,0.0,0.0,0.04,0.0,0.0,0.0
0.0,0.0,0.0,0.0,0.34,0.0,0.0,0.01,0.3,0.0,0.0,0.0,0.0,0.0,0.11,0.0,0.0,0.08,0.0,0.0,0.0
0.0,0.0,0.0,0.0,0.31,0.0,0.0,0.15,0.3,0.0,0.0,0.0,0.0,0.0,0.0,0.0,0.0,0.24,0.0,0.0,0.0
0.0,0.0,0.0,0.0,0.0,0.0,0.0,0.0,0.23,0.0,0.0,0.0,0.0,0.0,0.0,0.0,0.02,0.75,0.0,0.0,0.0
0.0,0.0,0.0,0.0,0.39,0.0,0.0,0.0,0.0,0.0,0.0,0.0,0.0,0.0,0.0,0.0,0.0,0.61,0.0,0.0,0.0
0.0,0.0,0.0,0.0,0.33,0.0,0.0,0.0,0.34,0.0,0.0,0.0,0.0,0.0,0.0,0.0,0.0,0.26,0.0,0.07,0.0
0.0,0.0,0.0,0.0,0.08,0.0,0.0,0.0,0.13,0.0,0.0,0.0,0.0,0.0,0.0,0.0,0.02,0.05,0.0,0.72,0.0
0.0,0.0,0.0,0.0,0.01,0.0,0.0,0.0,0.02,0.0,0.0,0.0,0.0,0.0,0.2,0.0,0.3,0.04,0.0,0.43,0.0
0.0,0.0,0.0,0.0,0.6,0.0,0.0,0.0,0.09,0.0,0.0,0.0,0.0,0.0,0.0,0.0,0.0,0.31,0.0,0.0,0.0
0.0,0.0,0.0,0.0,1.0,0.0,0.0,0.0,0.0,0.0,0.0,0.0,0.0,0.0,0.0,0.0,0.0,0.33,0.0,0.0,0.0
0.0,0.0,0.0,0.0,0.78,0.0,0.0,0.01,0.0,0.0,0.0,0.0,0.0,0.0,0.0,0.02,0.17,0.02,0.0,0.0,0.0
0.0,0.0,0.0,0.0,0.28,0.0,0.0,0.12,0.0,0.0,0.0,0.0,0.0,0.0,0.04,0.05,0.19,0.0,0.0,0.0,0.0
0.0,0.0,0.0,0.0,0.09,0.0,0.0,0.2,0.0,0.0,0.02,0.0,0.0,0.0,0.06,0.0,0.0,0.0,0.0,0.0,0.0
0.0,0.0,0.0,0.0,0.0,0.0,0.0,0.0,0.0,0.0,0.0,0.0,0.0,0.0,0.0,0.0,0.0,0.0,0.0,0.0,0.0
0.0,0.0,0.0,0.0,0.0,0.0,0.0,0.0,0.0,0.0,0.0,0.0,0.0,0.0,0.0,0.0,0.06,0.07,0.0,0.0,0.0
0.0,0.0,0.02,0.0,0.0,0.0,0.0,0.0,0.0,0.0,0.0,0.0,0.0,0.0,0.0,0.0,0.13,0.04,0.0,0.0,0.0
0.0,0.0,0.06,0.0,0.0,0.0,0.0,0.0,0.0,0.0,0.0,0.0,0.0,0.0,0.0,0.0,0.16,0.0,0.0,0.0,0.0
0.0,0.0,0.03,0.0,0.0,0.0,0.0,0.0,0.0,0.0,0.0,0.0,0.0,0.0,0.0,0.0,0.63,0.0,0.0,0.0,0.0
0.0,0.0,0.0,0.0,0.0,0.0,0.0,0.0,0.0,0.0,0.0,0.0,0.0,0.0,0.0,0.0,1.0,0.0,0.0,0.0,0.0
0.0,0.0,0.0,0.0,0.0,0.0,0.0,0.0,0.0,0.0,0.0,0.0,0.0,0.0,0.0,0.0,1.0,0.0,0.0,0.0,0.0
0.0,0.0,0.0,0.0,0.0,0.0,0.0,0.0,0.0,0.0,0.0,0.0,0.0,0.0,0.0,0.0,1.0,0.0,0.0,0.0,0.0
0.0,0.0,0.0,0.0,0.0,0.0,0.0,0.0,0.0,0.0,0.0,0.0,0.0,0.0,0.0,0.0,1.0,0.0,0.0,0.0,0.0
0.0,0.0,0.06,0.0,0.0,0.0,0.0,0.0,0.0,0.0,0.0,0.0,0.0,0.0,0.0,0.0,0.8,0.0,0.0,0.0,0.14
0.0,0.0,0.25,0.0,0.0,0.0,0.0,0.0,0.0,0.0,0.0,0.0,0.0,0.0,0.0,0.0,0.07,0.0,0.0,0.0,0.68
0.0,0.0,0.36,0.0,0.0,0.0,0.0,0.0,0.0,0.0,0.0,0.0,0.0,0.0,0.0,0.0,0.14,0.0,0.0,0.0,0.46
0.0,0.0,0.32,0.0,0.0,0.0,0.0,0.0,0.0,0.0,0.0,0.0,0.0,0.0,0.0,0.0,0.19,0.0,0.0,0.0,0.04
0.0,0.0,0.2,0.0,0.0,0.0,0.0,0.0,0.0,0.0,0.0,0.0,0.0,0.0,0.0,0.0,0.0,0.0,0.0,0.0,0.0
0.0,0.0,0.38,0.0,0.0,0.0,0.0,0.0,0.0,0.0,0.0,0.0,0.0,0.0,0.0,0.0,0.0,0.0,0.0,0.0,0.0
0.0,0.0,0.28,0.0,0.0,0.0,0.0,0.19,0.0,0.0,0.0,0.0,0.0,0.11,0.2,0.0,0.0,0.0,0.0,0.0,0.1
0.0,0.0,0.48,0.0,0.0,0.0,0.0,0.02,0.0,0.0,0.0,0.0,0.0,0.0,0.0,0.0,0.0,0.0,0.0,0.0,0.02
0.0,0.0,0.0,0.0,0.04,0.0,0.02,0.18,0.07,0.0,0.0,0.0,0.0,0.0,0.03,0.0,0.0,0.1,0.0,0.03,0.0
0.0,0.0,0.0,0.0,0.35,0.0,0.0,0.03,0.25,0.0,0.0,0.0,0.0,0.0,0.06,0.0,0.0,0.06,0.0,0.02,0.01
0.0,0.0,0.0,0.0,0.31,0.0,0.0,0.09,0.12,0.0,0.0,0.0,0.0,0.0,0.0,0.0,0.0,0.14,0.0,0.18,0.0
0.0,0.0,0.0,0.0,0.44,0.0,0.0,0.03,0.32,0.0,0.0,0.0,0.0,0.0,0.05,0.0,0.0,0.03,0.0,0.13,0.0
0.0,0.0,0.0,0.0,0.9,0.0,0.0,0.1,0.0,0.0,0.0,0.0,0.0,0.0,0.0,0.0,0.0,0.0,0.0,0.0,0.0
0.0,0.0,0.0,0.0,0.75,0.0,0.0,0.13,0.0,0.0,0.0,0.0,0.0,0.0,0.0,0.0,0.0,0.02,0.0,0.0,0.0
0.0,0.0,0.0,0.0,0.71,0.0,0.0,0.29,0.0,0.0,0.0,0.0,0.0,0.0,0.0,0.0,0.0,0.0,0.0,0.0,0.0
0.0,0.0,0.0,0.0,0.67,0.0,0.0,0.38,0.0,0.0,0.0,0.0,0.0,0.0,0.0,0.0,0.0,0.0,0.0,0.0,0.0
0.0,0.0,0.0,0.0,0.82,0.0,0.0,0.11,0.0,0.0,0.0,0.0,0.0,0.0,0.0,0.0,0.07,0.0,0.0,0.0,0.0
0.0,0.0,0.0,0.0,0.93,0.0,0.0,0.01,0.0,0.0,0.0,0.0,0.0,0.0,0.0,0.0,0.05,0.0,0.0,0.0,0.01
0.0,0.0,0.0,0.0,0.68,0.0,0.0,0.15,0.0,0.0,0.0,0.0,0.0,0.0,0.09,0.0,0.08,0.0,0.0,0.0,0.1
0.0,0.0,0.0,0.09,0.07,0.0,0.06,0.53,0.11,0.0,0.0,0.0,0.0,0.0,0.0,0.0,0.12,0.0,0.0,0.02,0.0
0.0,0.0,0.0,0.26,0.0,0.0,0.06,0.08,0.0,0.0,0.0,0.0,0.0,0.0,0.0,0.0,0.0,0.27,0.0,0.33,0.0
0.0,0.0,0.0,0.24,0.06,0.0,0.0,0.0,0.0,0.0,0.0,0.0,0.0,0.0,0.03,0.0,0.0,0.4,0.0,0.3,0.0
0.0,0.0,0.0,0.0,0.2,0.0,0.0,0.0,0.3,0.0,0.0,0.0,0.0,0.0,0.19,0.0,0.0,0.29,0.0,0.03,0.0
0.0,0.0,0.0,0.0,0.0,0.0,0.0,0.0,0.0,0.0,0.0,0.0,0.0,0.0,0.59,0.0,0.0,0.37,0.0,0.0,0.0
0.0,0.0,0.0,0.0,0.0,0.0,0.0,0.0,0.0,0.0,0.0,0.0,0.0,0.0,0.45,0.0,0.01,0.53,0.0,0.0,0.0
0.0,0.0,0.0,0.0,0.0,0.0,0.0,0.0,0.0,0.0,0.0,0.0,0.0,0.0,0.0,0.0,0.05,0.87,0.0,0.08,0.0
0.0,0.0,0.0,0.0,0.01,0.0,0.0,0.02,0.13,0.0,0.0,0.0,0.0,0.0,0.01,0.0,0.0,0.23,0.0,0.24,0.0
0.0,0.0,0.0,0.0,0.05,0.0,0.0,0.08,0.0,0.0,0.0,0.0,0.0,0.0,0.06,0.0,0.0,0.09,0.0,0.0,0.0
0.0,0.0,0.0,0.0,0.45,0.0,0.0,0.04,0.0,0.0,0.0,0.0,0.0,0.0,0.0,0.0,0.0,0.18,0.0,0.0,0.0
0.0,0.0,0.0,0.0,0.56,0.0,0.0,0.03,0.03,0.0,0.0,0.0,0.0,0.0,0.05,0.0,0.0,0.02,0.0,0.0,0.0
0.0,0.0,0.0,0.0,0.06,0.0,0.0,0.05,0.01,0.0,0.0,0.0,0.0,0.0,0.02,0.0,0.0,0.08,0.0,0.0,0.0
0.0,0.0,0.0,0.0,0.18,0.0,0.0,0.14,0.42,0.0,0.0,0.0,0.0,0.0,0.0,0.0,0.07,0.2,0.0,0.0,0.0
0.0,0.0,0.0,0.0,0.3,0.0,0.0,0.0,0.15,0.0,0.0,0.0,0.0,0.01,0.0,0.0,0.0,0.54,0.0,0.0,0.0
0.0,0.0,0.0,0.0,0.45,0.0,0.0,0.04,0.36,0.0,0.0,0.0,0.0,0.0,0.0,0.0,0.0,0.15,0.0,0.0,0.0
0.0,0.0,0.0,0.0,0.8,0.0,0.0,0.0,0.01,0.0,0.0,0.0,0.0,0.0,0.0,0.0,0.0,0.0,0.0,0.2,0.0
0.0,0.0,0.0,0.0,0.0,0.0,0.0,0.0,0.0,0.0,0.0,0.0,0.0,0.0,0.18,0.0,0.0,0.0,0.0,0.82,0.0
0.0,0.0,0.0,0.0,0.59,0.0,0.0,0.0,0.0,0.0,0.0,0.0,0.0,0.0,0.06,0.0,0.16,0.19,0.0,0.0,0.0
0.0,0.0,0.0,0.0,0.53,0.0,0.0,0.0,0.01,0.0,0.0,0.0,0.0,0.0,0.04,0.0,0.44,0.0,0.0,0.0,0.0
0.0,0.0,0.0,0.0,0.3,0.0,0.0,0.1,0.02,0.0,0.0,0.0,0.0,0.0,0.01,0.03,0.34,0.01,0.0,0.0,0.0
0.0,0.0,0.0,0.0,0.05,0.0,0.0,0.23,0.01,0.0,0.0,0.0,0.0,0.0,0.0,0.0,0.0,0.13,0.0,0.0,0.0
0.0,0.0,0.01,0.0,0.06,0.0,0.0,0.32,0.0,0.0,0.0,0.0,0.0,0.0,0.0,0.0,0.0,0.08,0.0,0.0,0.0
0.0,0.0,0.0,0.0,0.0,0.0,0.0,0.0,0.0,0.0,0.0,0.0,0.0,0.0,0.0,0.0,0.0,0.0,0.0,0.0,0.0
0.0,0.0,0.0,0.0,0.0,0.0,0.0,0.02,0.0,0.0,0.0,0.0,0.0,0.0,0.06,0.0,0.56,0.0,0.0,0.0,0.0
0.0,0.0,0.01,0.0,0.0,0.0,0.0,0.03,0.01,0.0,0.0,0.0,0.0,0.0,0.07,0.0,0.18,0.3,0.0,0.0,0.0
0.0,0.0,0.02,0.0,0.02,0.0,0.0,0.05,0.17,0.0,0.01,0.0,0.0,0.0,0.1,0.0,0.12,0.0,0.0,0.0,0.0
0.0,0.0,0.05,0.0,0.0,0.0,0.0,0.0,0.03,0.0,0.0,0.0,0.0,0.0,0.0,0.0,0.76,0.0,0.0,0.0,0.0
0.0,0.0,0.0,0.0,0.0,0.0,0.0,0.0,0.0,0.0,0.0,0.0,0.0,0.0,0.0,0.0,1.0,0.0,0.0,0.0,0.0
0.0,0.0,0.0,0.0,0.0,0.0,0.0,0.0,0.0,0.0,0.0,0.0,0.0,0.0,0.0,0.0,1.0,0.0,0.0,0.0,0.0
0.0,0.0,0.0,0.0,0.0,0.0,0.0,0.0,0.0,0.0,0.0,0.0,0.0,0.0,0.0,0.0,1.0,0.0,0.0,0.0,0.0
0.0,0.0,0.0,0.0,0.0,0.0,0.0,0.0,0.0,0.0,0.0,0.0,0.0,0.0,0.0,0.0,1.0,0.0,0.0,0.0,0.0
0.0,0.0,0.17,0.0,0.0,0.0,0.0,0.0,0.0,0.0,0.0,0.0,0.0,0.0,0.0,0.0,0.51,0.0,0.0,0.0,0.32
0.0,0.0,0.94,0.0,0.0,0.0,0.0,0.0,0.0,0.0,0.0,0.0,0.0,0.0,0.0,0.0,0.0,0.0,0.0,0.0,0.01
0.0,0.0,0.25,0.0,0.0,0.0,0.0,0.0,0.0,0.0,0.0,0.0,0.0,0.0,0.0,0.0,0.0,0.0,0.0,0.0,0.0
0.0,0.0,0.2,0.0,0.0,0.0,0.0,0.0,0.0,0.0,0.0,0.0,0.0,0.0,0.0,0.0,0.0,0.0,0.0,0.0,0.0
0.0,0.0,0.94,0.0,0.0,0.0,0.0,0.0,0.0,0.0,0.0,0.0,0.0,0.02,0.0,0.0,0.0,0.0,0.0,0.0,0.14
0.0,0.0,0.84,0.0,0.0,0.0,0.0,0.0,0.0,0.0,0.0,0.0,0.0,0.11,0.0,0.0,0.0,0.0,0.0,0.0,0.57
0.0,0.0,0.21,0.0,0.0,0.0,0.0,0.0,0.0,0.0,0.0,0.0,0.0,0.02,0.0,0.0,0.0,0.0,0.0,0.0,0.01
0.0,0.0,0.64,0.0,0.0,0.0,0.0,0.0,0.0,0.0,0.0,0.0,0.0,0.0,0.0,0.0,0.0,0.0,0.0,0.0,0.0
0.0,0.0,0.0,0.0,0.49,0.0,0.0,0.07,0.09,0.0,0.0,0.0,0.0,0.0,0.03,0.0,0.0,0.0,0.0,0.13,0.01
0.0,0.0,0.0,0.0,0.2,0.0,0.06,0.28,0.09,0.0,0.0,0.0,0.0,0.0,0.13,0.0,0.0,0.01,0.0,0.14,0.05
0.0,0.0,0.0,0.0,0.11,0.0,0.0,0.12,0.0,0.0,0.0,0.0,0.0,0.0,0.05,0.0,0.0,0.16,0.0,0.0,0.0
0.0,0.0,0.0,0.0,0.46,0.0,0.0,0.04,0.0,0.0,0.0,0.0,0.0,0.0,0.06,0.0,0.0,0.16,0.0,0.0,0.0
0.0,0.0,0.0,0.0,0.17,0.0,0.0,0.12,0.0,0.0,0.0,0.0,0.0,0.0,0.0,0.0,0.0,0.12,0.0,0.0,0.0
0.0,0.0,0.0,0.05,0.05,0.0,0.0,0.1,0.0,0.0,0.0,0.0,0.0,0.0,0.0,0.0,0.0,0.0,0.0,0.0,0.0
0.0,0.0,0.0,0.0,0.05,0.0,0.0,0.22,0.0,0.0,0.0,0.0,0.0,0.0,0.0,0.0,0.0,0.03,0.0,0.0,0.0
0.0,0.0,0.0,0.0,0.0,0.0,0.0,1.0,0.0,0.0,0.0,0.0,0.0,0.0,0.0,0.0,0.0,0.09,0.0,0.0,0.0
0.0,0.0,0.0,0.0,0.09,0.0,0.0,0.99,0.0,0.0,0.0,0.0,0.0,0.0,0.0,0.0,0.0,0.0,0.0,0.0,0.0
0.0,0.0,0.0,0.0,0.68,0.0,0.0,0.01,0.0,0.0,0.0,0.0,0.0,0.0,0.04,0.0,0.05,0.0,0.0,0.0,0.0
0.0,0.0,0.0,0.0,0.39,0.0,0.0,0.34,0.03,0.0,0.0,0.0,0.0,0.0,0.24,0.0,0.0,0.0,0.0,0.0,0.0
0.0,0.0,0.0,0.65,0.15,0.0,0.0,0.0,0.08,0.0,0.0,0.0,0.0,0.0,0.01,0.11,0.0,0.0,0.0,0.05,0.0
0.0,0.0,0.0,1.0,0.0,0.0,0.0,0.0,0.0,0.0,0.0,0.0,0.0,0.0,0.0,0.0,0.0,0.0,0.0,0.0,0.0
0.0,0.0,0.0,0.91,0.0,0.0,0.0,0.0,0.0,0.0,0.0,0.0,0.0,0.0,0.0,0.0,0.0,0.0,0.0,0.09,0.0
0.0,0.0,0.0,0.04,0.04,0.0,0.08,0.0,0.0,0.0,0.0,0.0,0.0,0.0,0.02,0.0,0.0,0.45,0.0,0.46,0.01
0.0,0.0,0.0,0.0,0.0,0.0,0.0,0.0,0.0,0.0,0.0,0.0,0.0,0.0,0.64,0.0,0.0,0.27,0.0,0.0,0.0
0.0,0.0,0.0,0.0,0.0,0.0,0.0,0.0,0.0,0.0,0.0,0.0,0.0,0.0,0.04,0.0,0.0,0.81,0.0,0.06,0.0
0.0,0.0,0.0,0.0,0.0,0.0,0.0,0.0,0.0,0.0,0.0,0.0,0.0,0.0,0.0,0.0,0.0,0.65,0.0,0.35,0.0
0.0,0.0,0.0,0.0,0.0,0.0,0.0,0.05,0.0,0.0,0.0,0.0,0.0,0.0,0.1,0.0,0.0,0.49,0.0,0.14,0.0
0.0,0.0,0.0,0.0,0.12,0.0,0.0,0.25,0.0,0.0,0.0,0.0,0.0,0.0,0.02,0.0,0.0,0.03,0.0,0.0,0.0
0.0,0.0,0.0,0.0,0.41,0.0,0.0,0.08,0.0,0.0,0.0,0.0,0.0,0.0,0.0,0.0,0.0,0.12,0.0,0.0,0.0
0.0,0.0,0.0,0.0,0.21,0.0,0.0,0.05,0.01,0.0,0.0,0.0,0.0,0.0,0.09,0.0,0.0,0.14,0.0,0.0,0.0
0.0,0.0,0.0,0.0,0.13,0.0,0.0,0.09,0.03,0.0,0.0,0.0,0.0,0.0,0.03,0.0,0.0,0.04,0.0,0.0,0.0
0.0,0.0,0.0,0.0,0.36,0.0,0.0,0.2,0.13,0.0,0.0,0.0,0.0,0.0,0.0,0.0,0.01,0.06,0.0,0.0,0.0
0.0,0.0,0.0,0.0,0.13,0.0,0.0,0.07,0.59,0.0,0.0,0.0,0.0,0.11,0.08,0.0,0.02,0.0,0.0,0.0,0.0
0.0,0.0,0.0,0.0,0.31,0.0,0.0,0.1,0.34,0.0,0.0,0.0,0.0,0.0,0.03,0.0,0.0,0.02,0.0,0.0,0.0
0.0,0.0,0.0,0.0,0.75,0.0,0.0,0.03,0.23,0.0,0.0,0.0,0.0,0.0,0.0,0.0,0.0,0.02,0.0,0.0,0.0
0.0,0.0,0.0,0.0,0.25,0.0,0.0,0.0,0.0,0.0,0.0,0.0,0.0,0.0,0.0,0.0,0.0,0.3,0.0,0.39,0.0
0.0,0.0,0.0,0.0,0.06,0.0,0.0,0.0,0.0,0.0,0.0,0.0,0.0,0.0,0.01,0.06,0.13,0.33,0.0,0.0,0.0
0.0,0.0,0.03,0.0,0.05,0.0,0.0,0.0,0.0,0.0,0.0,0.0,0.0,0.0,0.0,0.0,0.52,0.23,0.0,0.0,0.0
0.0,0.0,0.03,0.0,0.4,0.0,0.0,0.08,0.0,0.0,0.0,0.0,0.0,0.0,0.12,0.0,0.05,0.05,0.0,0.0,0.0
0.0,0.0,0.01,0.0,0.1,0.0,0.0,0.04,0.0,0.0,0.0,0.0,0.0,0.0,0.13,0.0,0.08,0.3,0.0,0.0,0.0
0.0,0.0,0.0,0.0,0.0,0.0,0.0,0.19,0.0,0.0,0.0,0.0,0.0,0.0,0.0,0.0,0.05,0.0,0.0,0.0,0.0
0.0,0.0,0.03,0.0,0.0,0.0,0.0,0.0,0.0,0.0,0.0,0.0,0.0,0.11,0.0,0.0,0.0,0.0,0.0,0.0,0.0
0.0,0.0,0.0,0.0,0.14,0.02,0.0,0.01,0.0,0.0,0.0,0.0,0.0,0.18,0.0,0.0,0.21,0.09,0.0,0.0,0.0
0.0,0.0,0.0,0.0,0.07,0.0,0.0,0.22,0.02,0.0,0.0,0.0,0.0,0.0,0.0,0.0,0.03,0.08,0.0,0.0,0.0
0.0,0.0,0.0,0.0,0.04,0.0,0.0,0.03,0.03,0.0,0.0,0.0,0.0,0.0,0.0,0.0,0.77,0.0,0.0,0.0,0.0
0.0,0.0,0.0,0.0,0.0,0.0,0.0,0.0,0.0,0.0,0.0,0.0,0.0,0.0,0.0,0.0,1.0,0.0,0.0,0.0,0.0
0.0,0.0,0.0,0.0,0.0,0.0,0.0,0.0,0.0,0.0,0.0,0.0,0.0,0.0,0.0,0.0,1.0,0.0,0.0,0.0,0.0
0.0,0.0,0.0,0.0,0.0,0.0,0.0,0.0,0.0,0.0,0.0,0.0,0.0,0.0,0.0,0.0,1.0,0.0,0.0,0.0,0.0
0.0,0.0,0.0,0.0,0.0,0.0,0.0,0.0,0.0,0.0,0.0,0.0,0.0,0.0,0.0,0.0,1.0,0.0,0.0,0.0,0.0
0.0,0.0,0.0,0.0,0.0,0.0,0.0,0.0,0.0,0.0,0.0,0.0,0.0,0.0,0.0,0.0,1.0,0.0,0.0,0.0,0.0
0.0,0.0,0.03,0.0,0.0,0.0,0.0,0.0,0.0,0.0,0.0,0.0,0.0,0.23,0.0,0.0,0.44,0.0,0.0,0.0,0.3
0.0,0.0,0.43,0.0,0.0,0.0,0.0,0.0,0.0,0.0,0.0,0.0,0.0,0.01,0.0,0.0,0.0,0.0,0.0,0.0,0.13
0.0,0.0,0.05,0.0,0.0,0.0,0.0,0.0,0.0,0.0,0.0,0.0,0.0,0.0,0.0,0.0,0.0,0.0,0.0,0.0,0.0
0.0,0.0,0.3,0.0,0.0,0.0,0.0,0.04,0.0,0.0,0.0,0.0,0.0,0.0,0.0,0.0,0.0,0.0,0.0,0.0,0.04
0.0,0.0,0.38,0.0,0.0,0.0,0.0,0.0,0.0,0.0,0.0,0.0,0.0,0.01,0.0,0.0,0.0,0.0,0.0,0.0,0.09
0.0,0.0,0.41,0.0,0.0,0.0,0.0,0.0,0.0,0.0,0.0,0.0,0.0,0.11,0.0,0.0,0.0,0.0,0.0,0.0,0.23
0.0,0.0,0.12,0.0,0.0,0.0,0.0,0.01,0.0,0.0,0.07,0.0,0.0,0.0,0.0,0.0,0.0,0.0,0.0,0.0,0.03
0.0,0.0,0.19,0.0,0.0,0.0,0.0,0.23,0.0,0.0,0.05,0.0,0.0,0.0,0.0,0.0,0.0,0.0,0.0,0.0,0.03
0.0,0.0,0.0,0.0,0.15,0.0,0.0,0.61,0.0,0.0,0.0,0.0,0.0,0.0,0.1,0.0,0.0,0.04,0.0,0.0,0.0
0.0,0.0,0.0,0.0,0.37,0.0,0.0,0.01,0.0,0.0,0.0,0.0,0.0,0.0,0.07,0.0,0.0,0.0,0.0,0.0,0.0
0.0,0.0,0.0,0.0,0.16,0.0,0.0,0.03,0.0,0.0,0.0,0.0,0.0,0.0,0.06,0.0,0.0,0.04,0.0,0.0,0.0
0.0,0.0,0.0,0.0,0.0,0.0,0.0,0.32,0.0,0.0,0.0,0.0,0.0,0.0,0.01,0.0,0.0,0.03,0.0,0.0,0.0
0.0,0.0,0.0,0.02,0.0,0.0,0.0,0.46,0.0,0.0,0.0,0.0,0.0,0.0,0.0,0.0,0.0,0.17,0.0,0.0,0.0
0.0,0.0,0.0,0.04,0.0,0.0,0.0,0.43,0.0,0.0,0.0,0.0,0.0,0.0,0.0,0.0,0.0,0.16,0.0,0.0,0.0
0.0,0.0,0.0,0.0,0.0,0.0,0.0,0.21,0.0,0.0,0.0,0.0,0.0,0.0,0.06,0.0,0.0,0.04,0.0,0.0,0.0
0.0,0.0,0.0,0.0,0.02,0.0,0.0,0.18,0.0,0.0,0.0,0.0,0.0,0.0,0.11,0.0,0.0,0.16,0.0,0.0,0.0
0.0,0.0,0.0,0.0,0.16,0.0,0.0,0.02,0.0,0.0,0.0,0.0,0.0,0.0,0.0,0.0,0.0,0.05,0.0,0.0,0.0
0.0,0.0,0.0,0.0,0.25,0.0,0.0,0.02,0.2,0.0,0.0,0.0,0.0,0.0,0.0,0.0,0.0,0.13,0.0,0.0,0.0
0.0,0.0,0.0,0.16,0.0,0.0,0.0,0.07,0.72,0.0,0.0,0.0,0.0,0.0,0.0,0.0,0.05,0.0,0.0,0.0,0.0
0.0,0.0,0.0,1.0,0.0,0.0,0.0,0.0,0.0,0.0,0.0,0.0,0.0,0.0,0.0,0.0,0.0,0.0,0.0,0.0,0.0
0.0,0.0,0.0,1.0,0.0,0.0,0.0,0.0,0.0,0.0,0.0,0.0,0.0,0.0,0.0,0.0,0.0,0.0,0.0,0.0,0.0
0.0,0.0,0.0,0.73,0.0,0.0,0.0,0.0,0.0,0.0,0.0,0.0,0.0,0.0,0.19,0.0,0.0,0.08,0.0,0.0,0.0
0.0,0.0,0.0,0.09,0.18,0.0,0.05,0.0,0.0,0.0,0.0,0.0,0.0,0.0,0.02,0.0,0.0,0.24,0.0,0.28,0.14
0.0,0.0,0.0,0.0,0.0,0.0,0.0,0.0,0.0,0.0,0.0,0.0,0.0,0.0,0.02,0.0,0.0,0.23,0.0,0.04,0.0
0.0,0.0,0.0,0.0,0.01,0.0,0.0,0.0,0.0,0.0,0.0,0.0,0.0,0.0,0.14,0.0,0.0,0.36,0.0,0.49,0.0
0.0,0.0,0.0,0.0,0.01,0.0,0.0,0.0,0.0,0.0,0.0,0.0,0.0,0.0,0.01,0.0,0.0,0.78,0.0,0.21,0.0
0.0,0.0,0.0,0.0,0.19,0.0,0.0,0.06,0.0,0.0,0.0,0.0,0.0,0.0,0.0,0.0,0.0,0.57,0.0,0.0,0.0
0.0,0.0,0.0,0.0,0.26,0.0,0.0,0.05,0.0,0.0,0.0,0.0,0.0,0.0,0.0,0.0,0.0,0.08,0.0,0.0,0.0
0.0,0.0,0.0,0.0,0.06,0.0,0.0,0.1,0.0,0.0,0.0,0.0,0.0,0.0,0.0,0.0,0.0,0.05,0.0,0.0,0.0
0.0,0.0,0.0,0.0,0.25,0.0,0.0,0.39,0.01,0.0,0.0,0.0,0.0,0.0,0.01,0.0,0.0,0.09,0.0,0.0,0.0
0.0,0.0,0.0,0.0,0.11,0.0,0.0,0.22,0.0,0.0,0.0,0.0,0.0,0.0,0.0,0.0,0.0,0.09,0.0,0.0,0.0
0.0,0.0,0.0,0.0,0.04,0.0,0.0,0.15,0.0,0.0,0.0,0.0,0.0,0.0,0.31,0.0,0.0,0.04,0.0,0.0,0.0
0.0,0.0,0.0,0.0,0.03,0.0,0.0,0.17,0.23,0.0,0.0,0.0,0.0,0.0,0.03,0.0,0.03,0.12,0.0,0.0,0.0
0.0,0.0,0.0,0.0,0.1,0.0,0.0,0.24,0.0,0.0,0.0,0.0,0.0,0.0,0.0,0.0,0.0,0.14,0.0,0.0,0.0
0.0,0.0,0.0,0.0,0.25,0.0,0.0,0.02,0.09,0.0,0.0,0.0,0.0,0.0,0.0,0.0,0.12,0.37,0.0,0.07,0.0
0.0,0.0,0.0,0.0,0.2,0.0,0.0,0.05,0.26,0.0,0.0,0.0,0.0,0.0,0.0,0.05,0.16,0.25,0.0,0.0,0.0
0.0,0.0,0.0,0.0,0.07,0.0,0.0,0.0,0.08,0.0,0.0,0.0,0.0,0.0,0.0,0.25,0.5,0.0,0.0,0.05,0.0
0.0,0.0,0.01,0.0,0.0,0.0,0.0,0.0,0.0,0.0,0.05,0.0,0.0,0.0,0.06,0.16,0.49,0.05,0.0,0.02,0.0
0.0,0.0,0.0,0.0,0.0,0.0,0.0,0.0,0.0,0.0,0.09,0.0,0.0,0.0,0.0,0.0,0.01,0.1,0.0,0.0,0.0
0.0,0.0,0.01,0.0,0.0,0.0,0.0,0.0,0.0,0.0,0.0,0.0,0.0,0.0,0.02,0.0,0.03,0.0,0.0,0.0,0.0
0.0,0.0,0.0,0.0,0.0,0.0,0.0,0.0,0.0,0.0,0.0,0.0,0.0,0.0,0.0,0.0,0.0,0.01,0.0,0.0,0.0
0.0,0.0,0.04,0.0,0.02,0.0,0.0,0.15,0.13,0.0,0.0,0.0,0.0,0.06,0.05,0.0,0.0,0.0,0.0,0.0,0.0
0.0,0.0,0.0,0.0,0.31,0.0,0.0,0.11,0.0,0.0,0.0,0.0,0.0,0.0,0.0,0.0,0.0,0.07,0.0,0.0,0.0
0.0,0.0,0.0,0.0,0.29,0.0,0.0,0.02,0.01,0.0,0.0,0.0,0.0,0.0,0.01,0.0,0.0,0.23,0.0,0.0,0.0
0.0,0.0,0.0,0.0,0.08,0.0,0.0,0.06,0.05,0.0,0.0,0.0,0.0,0.0,0.11,0.11,0.79,0.0,0.0,0.0,0.0
0.0,0.0,0.0,0.0,0.0,0.0,0.0,0.0,0.0,0.0,0.0,0.0,0.0,0.0,0.0,0.07,1.0,0.0,0.0,0.0,0.0
0.0,0.0,0.0,0.0,0.0,0.0,0.0,0.0,0.0,0.0,0.0,0.0,0.0,0.0,0.0,0.0,1.0,0.0,0.0,0.0,0.0
0.0,0.0,0.0,0.0,0.0,0.0,0.0,0.0,0.0,0.0,0.0,0.0,0.0,0.0,0.0,0.0,1.0,0.0,0.0,0.0,0.0
0.0,0.0,0.0,0.0,0.0,0.0,0.0,0.0,0.0,0.0,0.0,0.0,0.0,0.0,0.0,0.0,0.99,0.0,0.0,0.0,0.01
0.0,0.0,0.0,0.0,0.0,0.0,0.0,0.0,0.0,0.0,0.0,0.0,0.0,0.0,0.0,0.0,1.0,0.0,0.0,0.0,0.0
0.0,0.0,0.25,0.0,0.0,0.0,0.0,0.0,0.0,0.0,0.0,0.0,0.0,0.0,0.0,0.0,0.69,0.0,0.0,0.0,0.06
0.0,0.0,0.26,0.0,0.0,0.0,0.0,0.01,0.0,0.0,0.0,0.0,0.0,0.0,0.0,0.0,0.0,0.0,0.0,0.01,0.0
0.0,0.0,0.34,0.0,0.0,0.0,0.0,0.22,0.0,0.0,0.0,0.0,0.0,0.0,0.0,0.0,0.0,0.0,0.0,0.0,0.01
0.0,0.0,0.0,0.0,0.0,0.0,0.0,0.59,0.0,0.0,0.0,0.0,0.0,0.0,0.0,0.0,0.0,0.0,0.0,0.0,0.0
0.0,0.0,0.22,0.0,0.0,0.0,0.0,0.4,0.0,0.0,0.0,0.0,0.0,0.07,0.0,0.0,0.0,0.0,0.0,0.0,0.13
0.0,0.0,0.09,0.0,0.0,0.0,0.0,0.0,0.0,0.0,0.0,0.0,0.0,0.07,0.0,0.0,0.0,0.0,0.0,0.0,0.04
0.0,0.0,0.1,0.0,0.01,0.0,0.0,0.01,0.0,0.0,0.0,0.0,0.0,0.0,0.0,0.0,0.0,0.0,0.0,0.0,0.0
0.0,0.0,0.23,0.0,0.03,0.0,0.0,0.06,0.0,0.0,0.11,0.0,0.0,0.0,0.0,0.0,0.0,0.03,0.0,0.0,0.0
0.0,0.0,0.0,0.0,0.0,0.0,0.0,0.32,0.0,0.0,0.0,0.0,0.0,0.0,0.0,0.0,0.0,0.08,0.0,0.0,0.0
0.0,0.0,0.0,0.0,0.0,0.0,0.0,0.28,0.0,0.0,0.0,0.0,0.0,0.0,0.02,0.0,0.0,0.0,0.0,0.0,0.0
0.0,0.0,0.0,0.0,0.0,0.0,0.0,0.14,0.0,0.0,0.0,0.0,0.0,0.0,0.05,0.0,0.0,0.27,0.0,0.0,0.0
0.0,0.0,0.0,0.0,0.01,0.0,0.28,0.5,0.0,0.0,0.0,0.0,0.0,0.0,0.05,0.0,0.0,0.0,0.0,0.0,0.0
0.0,0.0,0.0,0.0,0.0,0.0,0.02,0.45,0.0,0.0,0.0,0.0,0.0,0.0,0.31,0.0,0.0,0.0,0.0,0.0,0.0
0.0,0.0,0.0,0.0,0.0,0.0,0.0,1.0,0.0,0.0,0.0,0.0,0.0,0.0,0.0,0.0,0.0,0.0,0.0,0.0,0.0
0.0,0.31,0.0,0.0,0.0,0.0,0.0,0.66,0.0,0.0,0.0,0.0,0.0,0.0,0.0,0.0,0.0,0.0,0.0,0.0,0.0
0.0,0.33,0.0,0.0,0.0,0.0,0.0,0.39,0.0,0.0,0.0,0.0,0.0,0.0,0.0,0.0,0.0,0.0,0.0,0.0,0.0
0.0,0.0,0.0,0.0,0.0,0.0,0.0,0.48,0.0,0.0,0.0,0.0,0.0,0.0,0.0,0.0,0.0,0.0,0.0,0.0,0.0
0.0,0.0,0.0,0.0,0.08,0.0,0.0,0.64,0.11,0.0,0.0,0.0,0.0,0.0,0.07,0.0,0.0,0.1,0.0,0.0,0.0
0.0,0.0,0.0,0.0,0.14,0.0,0.0,0.11,0.37,0.0,0.0,0.0,0.0,0.0,0.0,0.0,0.03,0.01,0.0,0.0,0.0
0.0,0.0,0.0,0.87,0.0,0.0,0.0,0.07,0.0,0.0,0.0,0.0,0.0,0.0,0.0,0.0,0.0,0.0,0.0,0.0,0.0
0.0,0.0,0.0,1.0,0.0,0.0,0.0,0.0,0.0,0.0,0.0,0.0,0.0,0.0,0.0,0.0,0.0,0.0,0.0,0.05,0.0
0.0,0.0,0.0,0.16,0.0,0.0,0.0,0.45,0.0,0.08,0.0,0.0,0.0,0.0,0.02,0.0,0.0,0.21,0.0,0.0,0.0
0.0,0.0,0.0,0.0,0.12,0.0,0.0,0.0,0.0,0.01,0.0,0.0,0.0,0.0,0.07,0.0,0.0,0.59,0.0,0.21,0.0
0.0,0.0,0.0,0.0,0.0,0.0,0.0,0.0,0.0,0.0,0.0,0.0,0.0,0.0,0.41,0.0,0.0,0.34,0.0,0.25,0.0
0.0,0.0,0.0,0.0,0.41,0.0,0.0,0.05,0.0,0.0,0.0,0.0,0.0,0.0,0.0,0.0,0.0,0.2,0.0,0.18,0.0
0.0,0.0,0.0,0.0,0.49,0.0,0.0,0.0,0.0,0.0,0.0,0.0,0.0,0.0,0.0,0.0,0.0,0.53,0.0,0.0,0.0
0.0,0.0,0.0,0.0,0.03,0.0,0.0,0.04,0.04,0.0,0.0,0.0,0.0,0.0,0.0,0.0,0.0,0.87,0.0,0.0,0.0
0.0,0.0,0.0,0.0,0.0,0.0,0.0,0.1,0.02,0.0,0.0,0.0,0.0,0.0,0.0,0.0,0.0,0.21,0.0,0.0,0.0
0.0,0.0,0.0,0.0,0.06,0.0,0.0,0.12,0.0,0.0,0.0,0.0,0.0,0.0,0.0,0.0,0.0,0.0,0.0,0.0,0.0
0.0,0.0,0.0,0.0,0.32,0.0,0.0,0.09,0.04,0.01,0.0,0.0,0.0,0.0,0.0,0.0,0.0,0.04,0.0,0.0,0.0
0.0,0.0,0.0,0.0,0.27,0.0,0.0,0.18,0.0,0.0,0.0,0.0,0.0,0.0,0.0,0.0,0.0,0.2,0.0,0.0,0.0
0.0,0.0,0.0,0.0,0.12,0.0,0.0,0.15,0.04,0.0,0.0,0.0,0.0,0.0,0.0,0.0,0.0,0.19,0.0,0.0,0.0
0.0,0.0,0.0,0.0,0.37,0.0,0.0,0.06,0.29,0.0,0.0,0.0,0.0,0.0,0.01,0.0,0.03,0.04,0.0,0.0,0.0
0.0,0.0,0.0,0.0,0.15,0.0,0.0,0.09,0.26,0.0,0.0,0.0,0.0,0.0,0.18,0.0,0.21,0.05,0.0,0.0,0.0
0.0,0.0,0.0,0.0,0.09,0.0,0.0,0.02,0.24,0.0,0.0,0.0,0.0,0.0,0.0,0.0,0.87,0.02,0.0,0.0,0.0
0.0,0.0,0.0,0.0,0.01,0.0,0.0,0.0,0.07,0.0,0.0,0.0,0.0,0.0,0.0,0.0,0.92,0.0,0.0,0.0,0.0
0.0,0.0,0.0,0.0,0.02,0.0,0.0,0.01,0.08,0.0,0.0,0.0,0.0,0.0,0.0,0.0,0.89,0.01,0.0,0.0,0.0
0.0,0.0,0.0,0.0,0.33,0.0,0.0,0.12,0.01,0.0,0.02,0.0,0.0,0.01,0.06,0.0,0.19,0.06,0.0,0.0,0.0
0.0,0.0,0.0,0.0,0.16,0.0,0.0,0.03,0.0,0.0,0.03,0.0,0.0,0.07,0.01,0.0,0.1,0.33,0.0,0.0,0.0
0.0,0.0,0.0,0.0,0.0,0.0,0.0,0.0,0.0,0.0,0.0,0.0,0.0,0.0,0.0,0.0,0.0,0.56,0.0,0.0,0.0
0.0,0.0,0.0,0.0,0.0,0.0,0.0,0.0,0.0,0.0,0.0,0.0,0.0,0.0,0.0,0.0,0.0,0.26,0.0,0.0,0.0
0.0,0.0,0.02,0.0,0.0,0.0,0.0,0.05,0.17,0.0,0.0,0.0,0.0,0.04,0.0,0.0,0.0,0.0,0.0,0.0,0.0
0.0,0.0,0.01,0.0,0.3,0.0,0.0,0.02,0.09,0.0,0.0,0.0,0.0,0.12,0.04,0.0,0.06,0.04,0.0,0.0,0.0
0.0,0.0,0.0,0.0,0.21,0.0,0.0,0.03,0.06,0.0,0.0,0.0,0.0,0.0,0.02,0.0,0.25,0.0,0.0,0.0,0.0
0.0,0.0,0.0,0.0,0.0,0.0,0.0,0.0,0.02,0.0,0.0,0.0,0.0,0.0,0.15,0.36,0.96,0.0,0.0,0.0,0.0
0.0,0.0,0.0,0.0,0.0,0.0,0.0,0.0,0.0,0.0,0.0,0.0,0.0,0.0,0.0,0.0,1.0,0.0,0.0,0.0,0.0
0.0,0.0,0.0,0.0,0.0,0.0,0.0,0.0,0.0,0.0,0.0,0.0,0.0,0.0,0.0,0.0,1.0,0.0,0.0,0.0,0.0
0.0,0.0,0.03,0.0,0.0,0.0,0.0,0.0,0.0,0.0,0.0,0.0,0.0,0.0,0.0,0.0,0.82,0.0,0.0,0.0,0.15
0.0,0.0,0.23,0.0,0.0,0.0,0.0,0.0,0.0,0.0,0.0,0.0,0.0,0.0,0.0,0.0,0.33,0.0,0.0,0.17,0.27
0.0,0.0,0.0,0.0,0.0,0.0,0.0,0.0,0.0,0.0,0.0,0.0,0.0,0.0,0.0,0.0,1.0,0.0,0.0,0.0,0.0
0.0,0.0,0.05,0.0,0.0,0.0,0.0,0.0,0.0,0.0,0.0,0.0,0.0,0.0,0.0,0.0,0.89,0.0,0.0,0.0,0.06
0.0,0.0,0.37,0.0,0.0,0.0,0.0,0.2,0.0,0.0,0.0,0.0,0.0,0.0,0.0,0.0,0.0,0.0,0.0,0.32,0.03
0.0,0.0,0.0,0.0,0.0,0.0,0.0,0.77,0.0,0.0,0.0,0.0,0.0,0.0,0.0,0.0,0.0,0.0,0.0,0.0,0.0
0.0,0.0,0.0,0.0,0.05,0.0,0.0,0.62,0.0,0.0,0.0,0.0,0.0,0.0,0.0,0.0,0.0,0.0,0.0,0.0,0.0
0.0,0.0,0.0,0.0,0.11,0.0,0.0,0.6,0.0,0.0,0.0,0.0,0.0,0.0,0.0,0.0,0.0,0.0,0.0,0.0,0.01
0.0,0.0,0.01,0.0,0.0,0.01,0.0,0.31,0.0,0.0,0.0,0.0,0.0,0.0,0.0,0.0,0.0,0.0,0.0,0.0,0.1
0.0,0.15,0.07,0.0,0.08,0.0,0.0,0.19,0.0,0.0,0.11,0.0,0.0,0.0,0.0,0.0,0.0,0.03,0.0,0.08,0.14
0.0,0.0,0.25,0.0,0.1,0.0,0.0,0.08,0.0,0.0,0.04,0.0,0.0,0.0,0.0,0.0,0.0,0.0,0.0,0.0,0.0
0.0,0.0,0.0,0.09,0.0,0.0,0.0,0.51,0.0,0.0,0.0,0.0,0.0,0.0,0.03,0.0,0.0,0.06,0.0,0.0,0.0
0.0,0.0,0.0,0.0,0.0,0.0,0.0,0.11,0.0,0.0,0.0,0.0,0.0,0.0,0.0,0.0,0.0,0.0,0.0,0.0,0.0
0.0,0.0,0.0,0.0,0.0,0.0,0.0,0.62,0.0,0.0,0.0,0.0,0.0,0.0,0.0,0.0,0.0,0.0,0.0,0.0,0.0
0.0,0.0,0.0,0.0,0.07,0.0,0.04,0.39,0.0,0.0,0.0,0.0,0.0,0.0,0.02,0.0,0.0,0.05,0.0,0.0,0.0
0.0,0.0,0.0,0.0,0.03,0.0,0.0,0.26,0.0,0.0,0.0,0.0,0.0,0.0,0.13,0.0,0.0,0.02,0.0,0.0,0.0
0.0,0.05,0.0,0.0,0.0,0.0,0.06,0.78,0.0,0.0,0.0,0.0,0.0,0.0,0.0,0.0,0.0,0.0,0.0,0.0,0.0
0.0,0.91,0.0,0.0,0.0,0.0,0.06,0.03,0.0,0.0,0.0,0.0,0.0,0.0,0.0,0.0,0.0,0.0,0.0,0.0,0.0
0.0,0.49,0.0,0.0,0.0,0.0,0.0,0.51,0.0,0.0,0.0,0.0,0.0,0.0,0.0,0.0,0.0,0.0,0.0,0.0,0.0
0.0,0.0,0.0,0.0,0.0,0.0,0.0,0.98,0.0,0.0,0.0,0.0,0.0,0.0,0.0,0.0,0.0,0.02,0.0,0.0,0.0
0.0,0.0,0.0,0.0,0.11,0.0,0.0,0.8,0.0,0.0,0.0,0.0,0.0,0.0,0.0,0.0,0.0,0.09,0.0,0.0,0.0
0.0,0.0,0.0,0.0,0.07,0.0,0.0,0.21,0.0,0.0,0.0,0.0,0.0,0.0,0.0,0.0,0.0,0.06,0.0,0.0,0.0
0.0,0.0,0.0,0.33,0.46,0.0,0.0,0.13,0.0,0.0,0.0,0.0,0.0,0.0,0.0,0.0,0.04,0.0,0.0,0.0,0.0
0.0,0.0,0.0,0.49,0.11,0.0,0.0,0.39,0.0,0.0,0.0,0.0,0.0,0.0,0.0,0.0,0.0,0.0,0.0,0.0,0.0
0.0,0.0,0.0,0.09,0.0,0.0,0.0,0.18,0.0,0.0,0.0,0.25,0.0,0.0,0.0,0.0,0.0,0.35,0.0,0.0,0.0
0.0,0.0,0.0,0.0,0.0,0.0,0.0,0.37,0.0,0.0,0.0,0.12,0.0,0.0,0.0,0.0,0.0,0.43,0.0,0.0,0.0
0.0,0.0,0.0,0.0,0.11,0.0,0.0,0.41,0.0,0.0,0.0,0.0,0.0,0.0,0.33,0.0,0.0,0.05,0.0,0.05,0.0
0.0,0.0,0.0,0.0,0.02,0.0,0.0,0.39,0.0,0.0,0.0,0.0,0.0,0.0,0.01,0.0,0.0,0.45,0.0,0.0,0.0
0.0,0.0,0.0,0.1,0.08,0.0,0.0,0.0,0.0,0.0,0.0,0.0,0.0,0.0,0.1,0.0,0.0,0.73,0.0,0.0,0.0
0.0,0.0,0.0,0.0,0.0,0.0,0.0,0.01,0.0,0.0,0.0,0.0,0.0,0.0,0.0,0.0,0.0,0.99,0.0,0.0,0.0
0.0,0.0,0.0,0.0,0.06,0.0,0.0,0.14,0.0,0.0,0.0,0.0,0.0,0.0,0.0,0.0,0.0,0.45,0.0,0.0,0.0
0.0,0.0,0.0,0.0,0.12,0.0,0.0,0.05,0.0,0.0,0.0,0.0,0.0,0.0,0.0,0.0,0.0,0.17,0.0,0.0,0.0
0.0,0.0,0.0,0.0,0.4,0.0,0.0,0.01,0.0,0.0,0.0,0.0,0.0,0.0,0.0,0.0,0.0,0.0,0.0,0.0,0.0
0.0,0.0,0.0,0.0,0.26,0.0,0.0,0.02,0.11,0.0,0.0,0.0,0.0,0.0,0.0,0.0,0.0,0.04,0.06,0.0,0.0
0.0,0.0,0.0,0.0,0.24,0.0,0.0,0.04,0.5,0.0,0.0,0.0,0.0,0.0,0.0,0.0,0.06,0.0,0.16,0.0,0.0
0.0,0.0,0.0,0.0,0.09,0.0,0.0,0.0,0.57,0.0,0.0,0.0,0.0,0.0,0.0,0.0,0.43,0.0,0.08,0.0,0.0
0.0,0.0,0.0,0.0,0.0,0.0,0.0,0.0,0.56,0.0,0.0,0.0,0.0,0.08,0.0,0.0,0.96,0.0,0.0,0.0,0.0
0.0,0.0,0.0,0.0,0.0,0.0,0.0,0.0,0.21,0.0,0.0,0.0,0.0,0.0,0.0,0.0,1.0,0.0,0.0,0.0,0.0
0.0,0.0,0.0,0.0,0.0,0.0,0.0,0.0,0.01,0.0,0.0,0.0,0.0,0.0,0.19,0.0,0.6,0.2,0.0,0.0,0.0
0.0,0.0,0.0,0.08,0.4,0.0,0.0,0.04,0.0,0.0,0.0,0.0,0.0,0.0,0.01,0.0,0.0,0.47,0.0,0.0,0.0
0.0,0.0,0.0,0.0,0.37,0.0,0.0,0.18,0.0,0.0,0.0,0.0,0.0,0.0,0.06,0.0,0.0,0.02,0.0,0.0,0.0
0.0,0.0,0.0,0.0,0.08,0.0,0.0,0.16,0.0,0.0,0.0,0.0,0.0,0.02,0.12,0.0,0.09,0.2,0.0,0.0,0.0
0.0,0.0,0.0,0.0,0.31,0.0,0.0,0.03,0.0,0.0,0.0,0.0,0.0,0.0,0.0,0.0,0.03,0.62,0.0,0.0,0.0
0.0,0.0,0.0,0.0,0.03,0.0,0.0,0.0,0.0,0.0,0.0,0.0,0.0,0.0,0.0,0.0,0.0,0.34,0.0,0.0,0.0
0.0,0.0,0.0,0.0,0.01,0.0,0.0,0.0,0.0,0.0,0.0,0.0,0.0,0.0,0.0,0.0,0.0,0.0,0.0,0.0,0.0
0.0,0.0,0.04,0.0,0.64,0.0,0.0,0.04,0.01,0.0,0.0,0.0,0.0,0.0,0.0,0.0,0.02,0.13,0.0,0.0,0.0
0.0,0.0,0.0,0.0,0.02,0.0,0.0,0.18,0.03,0.0,0.0,0.0,0.0,0.0,0.0,0.0,0.0,0.05,0.0,0.0,0.0
0.0,0.0,0.0,0.0,0.06,0.0,0.0,0.02,0.0,0.0,0.0,0.0,0.0,0.0,0.0,0.25,0.49,0.01,0.0,0.0,0.0
0.0,0.0,0.0,0.0,0.0,0.0,0.0,0.0,0.0,0.0,0.0,0.0,0.0,0.0,0.0,0.0,1.0,0.0,0.0,0.0,0.0
0.0,0.0,0.0,0.0,0.0,0.0,0.0,0.0,0.0,0.0,0.0,0.0,0.0,0.0,0.0,0.0,1.0,0.0,0.0,0.0,0.0
0.0,0.0,0.05,0.0,0.0,0.0,0.0,0.0,0.0,0.0,0.0,0.0,0.0,0.0,0.0,0.0,0.45,0.0,0.0,0.0,0.5
0.0,0.0,0.27,0.0,0.0,0.0,0.0,0.0,0.0,0.0,0.0,0.0,0.0,0.0,0.0,0.0,0.02,0.0,0.0,0.4,0.31
0.0,0.0,0.0,0.0,0.0,0.0,0.0,0.0,0.0,0.0,0.0,0.0,0.0,0.0,0.0,0.0,0.95,0.0,0.0,0.0,0.05
0.0,0.0,0.0,0.0,0.0,0.0,0.0,0.0,0.0,0.0,0.0,0.0,0.0,0.0,0.0,0.0,1.0,0.0,0.0,0.0,0.0
0.0,0.0,0.22,0.0,0.0,0.0,0.0,0.15,0.0,0.0,0.0,0.0,0.0,0.0,0.0,0.0,0.16,0.0,0.0,0.33,0.1
0.0,0.0,0.01,0.0,0.0,0.0,0.0,0.66,0.0,0.0,0.0,0.0,0.0,0.0,0.0,0.0,0.0,0.03,0.0,0.0,0.03
0.0,0.0,0.0,0.0,0.42,0.0,0.0,0.24,0.0,0.0,0.0,0.0,0.0,0.0,0.0,0.0,0.0,0.18,0.0,0.0,0.0
0.0,0.0,0.0,0.24,0.16,0.0,0.0,0.16,0.0,0.0,0.0,0.0,0.0,0.0,0.0,0.0,0.0,0.0,0.0,0.0,0.0
0.0,0.27,0.0,0.07,0.0,0.0,0.0,0.24,0.0,0.0,0.0,0.0,0.0,0.0,0.0,0.0,0.0,0.0,0.0,0.04,0.07
0.0,0.37,0.0,0.0,0.07,0.0,0.0,0.02,0.0,0.0,0.0,0.0,0.0,0.0,0.0,0.0,0.0,0.01,0.0,0.12,0.13
0.0,0.0,0.49,0.0,0.0,0.0,0.0,0.09,0.0,0.0,0.0,0.0,0.0,0.0,0.0,0.0,0.0,0.0,0.0,0.0,0.0
0.0,0.0,0.0,0.27,0.0,0.0,0.0,0.68,0.0,0.0,0.0,0.0,0.0,0.0,0.0,0.0,0.0,0.03,0.0,0.0,0.0
0.0,0.0,0.0,0.0,0.0,0.0,0.0,0.26,0.0,0.0,0.0,0.0,0.0,0.0,0.0,0.0,0.0,0.0,0.0,0.0,0.0
0.0,0.0,0.0,0.0,0.04,0.0,0.0,0.38,0.0,0.0,0.0,0.0,0.0,0.0,0.0,0.0,0.0,0.0,0.0,0.0,0.0
0.0,0.0,0.0,0.0,0.01,0.0,0.0,0.52,0.0,0.0,0.0,0.0,0.0,0.0,0.08,0.0,0.0,0.07,0.0,0.0,0.0
0.0,0.0,0.0,0.0,0.0,0.0,0.0,0.3,0.0,0.0,0.0,0.0,0.0,0.0,0.04,0.0,0.0,0.02,0.0,0.0,0.0
0.0,0.27,0.0,0.0,0.0,0.0,0.0,0.53,0.0,0.0,0.0,0.0,0.0,0.0,0.0,0.0,0.0,0.0,0.0,0.0,0.0
0.0,0.52,0.0,0.0,0.04,0.0,0.0,0.32,0.0,0.0,0.0,0.0,0.0,0.0,0.0,0.0,0.0,0.0,0.0,0.0,0.0
0.0,0.2,0.0,0.0,0.02,0.0,0.0,0.49,0.0,0.0,0.0,0.0,0.0,0.0,0.0,0.0,0.0,0.08,0.0,0.0,0.0
0.0,0.0,0.0,0.0,0.12,0.0,0.0,0.19,0.0,0.0,0.0,0.0,0.0,0.0,0.0,0.0,0.0,0.0,0.0,0.0,0.0
0.0,0.0,0.0,0.02,0.0,0.0,0.0,0.44,0.0,0.0,0.0,0.0,0.0,0.0,0.0,0.0,0.0,0.01,0.0,0.0,0.0
0.0,0.0,0.0,0.01,0.0,0.0,0.0,0.27,0.0,0.0,0.0,0.0,0.0,0.0,0.0,0.0,0.0,0.08,0.0,0.0,0.0
0.0,0.0,0.0,0.0,0.14,0.0,0.08,0.25,0.0,0.0,0.0,0.0,0.0,0.0,0.0,0.0,0.04,0.0,0.0,0.0,0.0
0.0,0.0,0.0,0.0,0.0,0.0,0.0,0.74,0.0,0.0,0.0,0.0,0.0,0.0,0.0,0.0,0.0,0.01,0.0,0.0,0.0
0.0,0.0,0.0,0.0,0.0,0.0,0.0,0.2,0.0,0.0,0.0,0.62,0.0,0.0,0.0,0.0,0.0,0.01,0.0,0.0,0.0
0.0,0.0,0.0,0.0,0.0,0.0,0.0,0.51,0.0,0.03,0.0,0.49,0.0,0.0,0.0,0.0,0.0,0.04,0.0,0.0,0.0
0.0,0.0,0.0,0.0,0.02,0.0,0.0,0.58,0.0,0.06,0.0,0.04,0.0,0.0,0.0,0.0,0.0,0.25,0.0,0.0,0.0
0.0,0.0,0.0,0.0,0.06,0.0,0.0,0.32,0.0,0.0,0.0,0.04,0.0,0.0,0.02,0.0,0.0,0.39,0.0,0.0,0.0
0.0,0.0,0.0,0.0,0.04,0.0,0.0,0.09,0.0,0.0,0.0,0.0,0.0,0.0,0.24,0.0,0.0,0.63,0.0,0.0,0.0
0.0,0.0,0.0,0.0,0.0,0.0,0.0,0.05,0.0,0.0,0.0,0.0,0.0,0.0,0.0,0.0,0.0,0.94,0.0,0.0,0.0
0.0,0.0,0.0,0.0,0.0,0.0,0.0,0.35,0.0,0.0,0.0,0.05,0.0,0.0,0.0,0.0,0.0,0.16,0.0,0.0,0.0
0.0,0.0,0.0,0.0,0.17,0.0,0.0,0.03,0.0,0.0,0.0,0.0,0.0,0.0,0.02,0.0,0.0,0.06,0.0,0.0,0.0
0.0,0.0,0.0,0.0,0.02,0.0,0.0,0.76,0.0,0.0,0.0,0.0,0.0,0.0,0.24,0.0,0.0,0.0,0.0,0.0,0.0
0.0,0.0,0.0,0.0,0.11,0.0,0.0,0.02,0.16,0.0,0.0,0.0,0.0,0.0,0.0,0.0,0.06,0.14,0.0,0.0,0.0
0.0,0.0,0.0,0.0,0.51,0.0,0.0,0.33,0.08,0.0,0.0,0.0,0.0,0.0,0.0,0.0,0.09,0.0,0.0,0.0,0.0
0.0,0.0,0.0,0.0,0.0,0.0,0.0,0.0,0.63,0.0,0.0,0.0,0.0,0.0,0.0,0.0,1.0,0.0,0.0,0.0,0.0
0.0,0.0,0.0,0.0,0.0,0.0,0.0,0.0,0.9,0.0,0.0,0.0,0.0,0.05,0.0,0.0,1.0,0.0,0.0,0.0,0.0
0.0,0.0,0.0,0.0,0.01,0.0,0.0,0.0,0.54,0.0,0.0,0.0,0.0,0.0,0.0,0.0,0.94,0.0,0.0,0.0,0.0
0.0,0.0,0.0,0.0,0.03,0.0,0.0,0.0,0.48,0.0,0.0,0.0,0.0,0.0,0.35,0.0,0.08,0.01,0.05,0.0,0.0
0.0,0.0,0.0,0.0,0.03,0.0,0.0,0.08,0.02,0.0,0.0,0.0,0.0,0.0,0.06,0.0,0.0,0.35,0.0,0.0,0.0
0.0,0.0,0.0,0.0,0.08,0.0,0.0,0.18,0.0,0.0,0.0,0.0,0.0,0.0,0.03,0.0,0.0,0.18,0.0,0.0,0.0
0.0,0.0,0.0,0.0,0.11,0.0,0.0,0.05,0.0,0.0,0.0,0.0,0.0,0.0,0.06,0.0,0.0,0.16,0.0,0.0,0.0
0.0,0.0,0.0,0.0,0.2,0.0,0.0,0.34,0.0,0.0,0.0,0.0,0.0,0.0,0.05,0.0,0.16,0.25,0.0,0.0,0.0
0.0,0.0,0.0,0.0,0.39,0.0,0.0,0.0,0.0,0.0,0.0,0.0,0.0,0.21,0.0,0.0,0.0,0.06,0.0,0.0,0.0
0.0,0.0,0.01,0.0,0.0,0.0,0.0,0.0,0.0,0.0,0.0,0.0,0.0,0.0,0.0,0.0,0.0,0.07,0.0,0.0,0.0
0.0,0.0,0.01,0.0,0.08,0.0,0.0,0.11,0.2,0.0,0.0,0.0,0.0,0.02,0.02,0.0,0.0,0.31,0.0,0.0,0.0
0.0,0.0,0.0,0.0,0.0,0.0,0.0,0.22,0.0,0.0,0.0,0.0,0.0,0.0,0.0,0.0,0.0,0.1,0.0,0.0,0.0
0.0,0.0,0.0,0.0,0.12,0.0,0.0,0.08,0.03,0.0,0.0,0.0,0.0,0.0,0.0,0.08,0.02,0.06,0.0,0.0,0.0
0.0,0.0,0.0,0.0,0.01,0.0,0.0,0.0,0.15,0.0,0.0,0.0,0.0,0.0,0.0,0.01,0.83,0.0,0.0,0.0,0.0
0.0,0.0,0.0,0.0,0.0,0.0,0.0,0.0,0.0,0.0,0.0,0.0,0.0,0.0,0.0,0.0,0.86,0.0,0.0,0.0,0.14
0.0,0.0,0.18,0.0,0.0,0.0,0.0,0.0,0.0,0.0,0.0,0.0,0.0,0.0,0.0,0.0,0.01,0.0,0.0,0.0,0.81
0.0,0.0,0.5,0.0,0.0,0.0,0.0,0.0,0.0,0.0,0.0,0.0,0.0,0.0,0.0,0.0,0.0,0.0,0.0,0.28,0.22
0.0,0.0,0.14,0.0,0.0,0.0,0.0,0.0,0.0,0.0,0.0,0.0,0.0,0.0,0.0,0.0,0.56,0.0,0.0,0.1,0.2
0.0,0.0,0.2,0.0,0.0,0.0,0.0,0.0,0.0,0.0,0.0,0.0,0.0,0.0,0.0,0.0,0.63,0.0,0.0,0.15,0.02
0.0,0.0,0.13,0.0,0.0,0.0,0.0,0.0,0.0,0.0,0.0,0.0,0.0,0.0,0.0,0.0,0.15,0.0,0.0,0.69,0.03
0.0,0.0,0.26,0.0,0.0,0.0,0.0,0.23,0.0,0.0,0.0,0.0,0.0,0.0,0.0,0.0,0.0,0.05,0.0,0.29,0.03
0.0,0.0,0.0,0.0,0.0,0.0,0.0,0.19,0.0,0.0,0.0,0.0,0.0,0.0,0.39,0.0,0.0,0.2,0.0,0.0,0.0
0.0,0.0,0.0,0.01,0.07,0.0,0.0,0.34,0.0,0.0,0.0,0.0,0.0,0.0,0.0,0.0,0.0,0.28,0.0,0.0,0.0
0.0,0.83,0.0,0.14,0.0,0.0,0.0,0.0,0.0,0.0,0.0,0.0,0.0,0.0,0.0,0.0,0.0,0.0,0.0,0.0,0.06
0.0,0.2,0.05,0.0,0.27,0.0,0.0,0.08,0.0,0.0,0.0,0.0,0.0,0.0,0.0,0.0,0.0,0.0,0.0,0.0,0.0
0.0,0.0,0.1,0.0,0.0,0.0,0.0,0.01,0.0,0.0,0.0,0.0,0.0,0.03,0.0,0.0,0.0,0.0,0.0,0.0,0.0
0.0,0.0,0.0,0.0,0.0,0.0,0.0,0.94,0.0,0.0,0.0,0.0,0.0,0.0,0.0,0.0,0.0,0.0,0.0,0.0,0.0
0.0,0.0,0.0,0.12,0.0,0.0,0.0,0.66,0.0,0.0,0.0,0.0,0.0,0.0,0.0,0.0,0.0,0.0,0.0,0.0,0.0
0.0,0.0,0.0,0.02,0.0,0.0,0.0,0.36,0.0,0.0,0.0,0.0,0.0,0.0,0.02,0.0,0.0,0.11,0.0,0.0,0.0
0.0,0.0,0.0,0.0,0.01,0.0,0.0,0.13,0.0,0.0,0.0,0.0,0.0,0.0,0.0,0.0,0.0,0.0,0.0,0.0,0.0
0.0,0.0,0.0,0.0,0.01,0.0,0.0,0.21,0.0,0.0,0.0,0.0,0.0,0.0,0.0,0.0,0.0,0.0,0.0,0.0,0.0
0.0,0.0,0.0,0.0,0.25,0.0,0.0,0.54,0.0,0.0,0.0,0.0,0.0,0.0,0.0,0.0,0.0,0.02,0.0,0.0,0.0
0.0,0.0,0.0,0.0,0.09,0.0,0.0,0.86,0.0,0.0,0.0,0.0,0.0,0.0,0.0,0.0,0.0,0.0,0.0,0.0,0.0
0.0,0.0,0.0,0.0,0.0,0.0,0.0,0.94,0.0,0.0,0.0,0.0,0.0,0.0,0.01,0.0,0.0,0.08,0.0,0.0,0.0
0.0,0.0,0.0,0.0,0.0,0.0,0.0,0.16,0.0,0.0,0.0,0.0,0.0,0.0,0.0,0.0,0.0,0.0,0.0,0.0,0.0
0.0,0.03,0.0,0.46,0.0,0.0,0.01,0.3,0.0,0.0,0.0,0.0,0.0,0.0,0.11,0.0,0.0,0.0,0.0,0.0,0.0
0.0,0.05,0.0,0.06,0.1,0.0,0.24,0.06,0.0,0.0,0.0,0.0,0.0,0.0,0.13,0.0,0.0,0.03,0.0,0.07,0.0
0.0,0.0,0.0,0.0,0.0,0.0,0.18,0.0,0.0,0.0,0.0,0.0,0.0,0.21,0.04,0.0,0.02,0.0,0.0,0.55,0.0
0.0,0.0,0.0,0.0,0.0,0.0,0.08,0.16,0.0,0.0,0.0,0.0,0.0,0.0,0.12,0.0,0.02,0.03,0.0,0.0,0.0
0.0,0.0,0.0,0.0,0.01,0.0,0.0,0.22,0.0,0.0,0.0,0.26,0.0,0.0,0.0,0.0,0.0,0.0,0.0,0.0,0.0
0.0,0.0,0.0,0.0,0.02,0.0,0.0,0.19,0.0,0.0,0.0,0.36,0.0,0.0,0.0,0.0,0.0,0.05,0.0,0.0,0.0
0.0,0.0,0.0,0.0,0.06,0.0,0.0,0.27,0.02,0.0,0.0,0.1,0.0,0.0,0.03,0.0,0.0,0.36,0.0,0.0,0.0
0.0,0.0,0.0,0.0,0.09,0.0,0.0,0.26,0.0,0.0,0.0,0.0,0.0,0.0,0.0,0.0,0.0,0.35,0.0,0.0,0.0
0.0,0.0,0.0,0.0,0.1,0.0,0.0,0.03,0.0,0.0,0.0,0.0,0.0,0.0,0.0,0.0,0.0,0.51,0.0,0.0,0.0
0.0,0.0,0.0,0.0,0.0,0.0,0.0,0.08,0.0,0.0,0.0,0.0,0.0,0.0,0.0,0.0,0.0,0.75,0.0,0.0,0.0
0.0,0.0,0.0,0.0,0.12,0.0,0.14,0.27,0.0,0.0,0.0,0.0,0.0,0.0,0.0,0.0,0.0,0.2,0.0,0.0,0.0
0.0,0.0,0.0,0.0,0.34,0.0,0.0,0.5,0.12,0.0,0.0,0.0,0.0,0.0,0.02,0.0,0.04,0.0,0.0,0.0,0.0
0.0,0.0,0.0,0.0,0.14,0.0,0.0,0.4,0.35,0.0,0.0,0.0,0.0,0.0,0.03,0.0,0.1,0.0,0.0,0.0,0.0
0.0,0.0,0.0,0.0,0.42,0.0,0.0,0.34,0.02,0.0,0.0,0.0,0.0,0.0,0.0,0.0,0.0,0.22,0.0,0.0,0.0
0.0,0.0,0.0,0.0,0.14,0.0,0.0,0.53,0.11,0.0,0.0,0.0,0.0,0.0,0.0,0.0,0.21,0.12,0.0,0.0,0.0
0.0,0.0,0.0,0.0,0.04,0.0,0.0,0.07,0.44,0.0,0.0,0.0,0.0,0.0,0.0,0.0,0.55,0.29,0.0,0.0,0.0
0.0,0.0,0.0,0.0,0.0,0.0,0.0,0.01,0.71,0.0,0.0,0.0,0.0,0.0,0.0,0.0,0.32,0.24,0.0,0.0,0.0
0.0,0.0,0.0,0.0,0.01,0.0,0.0,0.0,0.69,0.0,0.0,0.0,0.0,0.0,0.0,0.0,0.5,0.0,0.0,0.0,0.0
0.0,0.0,0.0,0.0,0.14,0.0,0.0,0.03,0.73,0.0,0.0,0.0,0.0,0.0,0.02,0.0,0.0,0.0,0.0,0.0,0.0
0.0,0.0,0.0,0.04,0.02,0.0,0.0,0.32,0.0,0.0,0.0,0.0,0.0,0.0,0.1,0.0,0.0,0.05,0.0,0.0,0.0
0.0,0.0,0.0,0.05,0.01,0.0,0.0,0.26,0.05,0.0,0.0,0.0,0.0,0.0,0.0,0.0,0.04,0.16,0.0,0.0,0.0
0.0,0.0,0.0,0.0,0.0,0.0,0.0,0.4,0.0,0.0,0.0,0.0,0.0,0.0,0.34,0.0,0.06,0.02,0.0,0.0,0.0
0.0,0.0,0.0,0.0,0.0,0.0,0.0,0.16,0.0,0.0,0.0,0.0,0.0,0.0,0.08,0.0,0.32,0.02,0.0,0.0,0.0
0.0,0.0,0.0,0.0,0.0,0.0,0.0,0.0,0.0,0.0,0.0,0.0,0.0,0.02,0.0,0.0,0.39,0.05,0.0,0.0,0.0
0.0,0.0,0.02,0.0,0.0,0.0,0.0,0.0,0.0,0.0,0.0,0.0,0.0,0.0,0.0,0.0,0.0,0.0,0.0,0.0,0.0
0.0,0.0,0.01,0.0,0.02,0.0,0.0,0.12,0.26,0.0,0.0,0.0,0.0,0.0,0.0,0.0,0.0,0.01,0.0,0.0,0.0
0.0,0.0,0.0,0.0,0.0,0.0,0.0,0.14,0.0,0.0,0.0,0.0,0.0,0.0,0.0,0.0,0.0,0.18,0.0,0.0,0.0
0.0,0.0,0.0,0.0,0.01,0.0,0.0,0.16,0.0,0.0,0.0,0.0,0.0,0.01,0.07,0.02,0.0,0.05,0.0,0.0,0.0
0.0,0.0,0.0,0.0,0.27,0.0,0.0,0.03,0.18,0.0,0.0,0.0,0.0,0.06,0.0,0.0,0.35,0.0,0.0,0.0,0.0
0.0,0.0,0.0,0.16,0.03,0.0,0.0,0.1,0.0,0.0,0.0,0.0,0.0,0.0,0.03,0.0,1.0,0.0,0.0,0.0,0.0
0.0,0.0,0.0,0.0,0.05,0.0,0.0,0.07,0.0,0.0,0.0,0.0,0.0,0.0,0.0,0.0,0.47,0.0,0.0,0.0,0.26
0.0,0.0,0.49,0.0,0.02,0.0,0.0,0.02,0.0,0.0,0.0,0.0,0.0,0.0,0.06,0.0,0.0,0.0,0.0,0.25,0.07
0.0,0.0,0.19,0.0,0.0,0.0,0.0,0.0,0.0,0.0,0.0,0.0,0.0,0.0,0.0,0.0,0.0,0.0,0.0,0.77,0.04
0.0,0.0,0.0,0.0,0.0,0.0,0.0,0.0,0.0,0.0,0.0,0.0,0.0,0.0,0.0,0.0,0.0,0.0,0.0,1.0,0.0
0.0,0.0,0.07,0.0,0.0,0.0,0.0,0.0,0.0,0.0,0.0,0.0,0.0,0.07,0.0,0.0,0.0,0.0,0.0,0.83,0.03
0.0,0.0,0.08,0.0,0.01,0.0,0.0,0.14,0.0,0.0,0.15,0.0,0.0,0.0,0.0,0.0,0.0,0.07,0.0,0.47,0.0
0.0,0.0,0.0,0.0,0.02,0.0,0.0,0.81,0.0,0.0,0.0,0.0,0.0,0.0,0.01,0.0,0.0,0.01,0.0,0.0,0.0
0.0,0.0,0.0,0.0,0.15,0.0,0.0,0.61,0.0,0.0,0.0,0.0,0.0,0.0,0.0,0.0,0.0,0.06,0.0,0.0,0.0
0.0,0.05,0.0,0.0,0.03,0.0,0.0,0.09,0.0,0.0,0.0,0.0,0.0,0.0,0.47,0.0,0.0,0.23,0.0,0.0,0.01
0.0,0.0,0.04,0.0,0.26,0.0,0.0,0.12,0.0,0.0,0.0,0.0,0.0,0.0,0.04,0.0,0.0,0.0,0.0,0.0,0.0
0.0,0.0,0.0,0.0,0.0,0.0,0.0,0.0,0.0,0.0,0.0,0.0,0.0,0.0,0.0,0.0,0.0,0.0,0.0,0.0,0.0
0.14,0.0,0.0,0.0,0.03,0.0,0.0,0.4,0.25,0.0,0.0,0.0,0.0,0.0,0.0,0.0,0.01,0.0,0.0,0.0,0.0
0.0,0.0,0.0,0.3,0.0,0.0,0.0,0.24,0.0,0.0,0.0,0.0,0.0,0.0,0.0,0.0,0.0,0.0,0.0,0.0,0.0
0.0,0.0,0.0,0.14,0.03,0.0,0.0,0.35,0.0,0.0,0.0,0.0,0.0,0.0,0.0,0.0,0.0,0.17,0.0,0.0,0.0
0.0,0.0,0.0,0.0,0.0,0.0,0.0,0.13,0.0,0.0,0.0,0.0,0.0,0.0,0.24,0.0,0.0,0.0,0.0,0.0,0.0
0.0,0.0,0.0,0.0,0.25,0.0,0.0,0.24,0.0,0.0,0.0,0.0,0.0,0.0,0.05,0.0,0.0,0.0,0.0,0.0,0.0
0.0,0.0,0.0,0.0,0.0,0.0,0.0,0.89,0.0,0.0,0.0,0.0,0.0,0.0,0.0,0.0,0.0,0.04,0.0,0.0,0.0
0.0,0.0,0.0,0.0,0.0,0.0,0.0,0.93,0.0,0.0,0.0,0.0,0.0,0.0,0.2,0.0,0.0,0.0,0.0,0.0,0.0
0.0,0.0,0.0,0.0,0.0,0.0,0.0,1.0,0.0,0.0,0.0,0.0,0.0,0.0,0.4,0.0,0.0,0.0,0.0,0.0,0.0
0.0,0.0,0.0,0.0,0.0,0.0,0.0,0.9,0.0,0.0,0.0,0.0,0.0,0.0,0.07,0.0,0.0,0.01,0.0,0.0,0.0
0.0,0.47,0.0,0.02,0.0,0.0,0.05,0.17,0.0,0.0,0.0,0.0,0.0,0.0,0.28,0.0,0.0,0.0,0.0,0.02,0.0
0.0,0.15,0.0,0.0,0.0,0.0,0.0,0.0,0.0,0.0,0.0,0.0,0.0,0.0,0.0,0.0,0.0,0.0,0.0,0.85,0.0
0.0,0.0,0.0,0.0,0.0,0.0,0.14,0.0,0.0,0.0,0.0,0.0,0.0,0.11,0.0,0.0,0.0,0.0,0.0,0.75,0.0
0.0,0.0,0.0,0.0,0.13,0.0,0.01,0.02,0.0,0.0,0.0,0.0,0.0,0.02,0.05,0.0,0.04,0.33,0.0,0.18,0.0
0.0,0.0,0.0,0.0,0.0,0.0,0.0,0.18,0.0,0.0,0.0,0.0,0.0,0.0,0.0,0.0,0.0,0.05,0.0,0.0,0.0
0.0,0.0,0.0,0.0,0.03,0.0,0.0,0.18,0.0,0.0,0.0,0.0,0.0,0.0,0.0,0.0,0.0,0.0,0.0,0.0,0.0
0.0,0.0,0.0,0.0,0.09,0.0,0.0,0.33,0.0,0.0,0.0,0.0,0.0,0.0,0.0,0.0,0.0,0.22,0.0,0.0,0.0
0.0,0.0,0.0,0.0,0.0,0.0,0.0,0.26,0.0,0.0,0.0,0.0,0.0,0.0,0.01,0.0,0.0,0.58,0.0,0.0,0.0
0.0,0.0,0.0,0.0,0.18,0.0,0.0,0.4,0.0,0.0,0.0,0.0,0.0,0.0,0.06,0.0,0.0,0.08,0.0,0.0,0.0
0.0,0.0,0.0,0.0,0.06,0.0,0.0,0.21,0.0,0.0,0.0,0.0,0.0,0.0,0.0,0.0,0.0,0.06,0.0,0.0,0.0
0.0,0.0,0.0,0.0,0.54,0.0,0.0,0.01,0.0,0.0,0.0,0.0,0.0,0.0,0.15,0.0,0.07,0.0,0.0,0.0,0.0
0.0,0.0,0.0,0.0,0.54,0.0,0.0,0.03,0.02,0.0,0.0,0.0,0.0,0.0,0.05,0.0,0.0,0.07,0.0,0.0,0.0
0.0,0.0,0.0,0.0,0.05,0.0,0.0,0.88,0.04,0.0,0.0,0.0,0.0,0.0,0.02,0.0,0.0,0.03,0.0,0.0,0.0
0.0,0.0,0.0,0.0,0.04,0.0,0.0,0.9,0.0,0.0,0.0,0.0,0.0,0.0,0.03,0.0,0.0,0.09,0.0,0.0,0.0
0.0,0.0,0.0,0.0,0.18,0.0,0.0,0.64,0.06,0.0,0.0,0.0,0.0,0.0,0.0,0.0,0.22,0.0,0.0,0.0,0.0
0.0,0.0,0.0,0.0,0.07,0.0,0.0,0.75,0.04,0.0,0.0,0.0,0.0,0.0,0.07,0.0,0.0,0.07,0.0,0.0,0.0
0.0,0.0,0.0,0.0,0.11,0.0,0.0,0.87,0.06,0.0,0.0,0.0,0.0,0.0,0.0,0.0,0.0,0.0,0.0,0.0,0.0
0.0,0.0,0.0,0.0,0.34,0.0,0.0,0.07,0.23,0.0,0.0,0.0,0.0,0.0,0.0,0.0,0.22,0.0,0.0,0.0,0.0
0.0,0.0,0.0,0.0,0.24,0.0,0.0,0.01,0.53,0.0,0.0,0.0,0.0,0.0,0.01,0.0,0.03,0.1,0.0,0.0,0.0
0.0,0.0,0.0,0.01,0.1,0.0,0.0,0.13,0.29,0.0,0.0,0.0,0.0,0.0,0.14,0.0,0.0,0.07,0.0,0.0,0.0
0.0,0.0,0.0,0.01,0.0,0.0,0.0,0.03,0.32,0.0,0.0,0.0,0.0,0.04,0.0,0.0,0.47,0.0,0.0,0.13,0.0
0.0,0.0,0.01,0.0,0.0,0.0,0.0,0.0,0.15,0.0,0.0,0.0,0.0,0.0,0.04,0.0,0.69,0.0,0.0,0.11,0.0
0.0,0.0,0.0,0.0,0.0,0.0,0.0,0.0,0.08,0.0,0.0,0.0,0.0,0.0,0.0,0.0,0.91,0.0,0.0,0.01,0.0
0.0,0.0,0.02,0.0,0.0,0.0,0.0,0.0,0.25,0.0,0.0,0.0,0.0,0.0,0.0,0.0,0.37,0.0,0.0,0.08,0.0
0.0,0.0,0.01,0.0,0.0,0.0,0.0,0.0,0.0,0.0,0.0,0.0,0.0,0.0,0.0,0.0,0.0,0.0,0.0,0.0,0.0
0.0,0.0,0.33,0.0,0.17,0.0,0.0,0.05,0.0,0.0,0.15,0.0,0.0,0.03,0.0,0.0,0.0,0.0,0.0,0.1,0.0
0.0,0.0,0.12,0.0,0.07,0.0,0.0,0.02,0.21,0.0,0.09,0.0,0.0,0.25,0.0,0.0,0.0,0.0,0.02,0.01,0.0
0.0,0.0,0.33,0.0,0.04,0.0,0.0,0.14,0.0,0.0,0.0,0.0,0.0,0.02,0.21,0.03,0.0,0.0,0.0,0.23,0.0
0.0,0.0,0.08,0.0,0.0,0.0,0.0,0.0,0.72,0.0,0.0,0.0,0.0,0.07,0.0,0.0,0.02,0.0,0.0,0.11,0.0
0.0,0.0,0.0,0.0,0.01,0.0,0.0,0.08,0.17,0.0,0.0,0.0,0.0,0.0,0.0,0.0,0.83,0.14,0.0,0.0,0.0
0.0,0.0,0.0,0.06,0.05,0.0,0.0,0.1,0.0,0.0,0.0,0.01,0.0,0.0,0.01,0.0,0.96,0.17,0.0,0.0,0.0
0.0,0.0,0.18,0.0,0.0,0.0,0.0,0.03,0.0,0.0,0.0,0.0,0.0,0.0,0.2,0.0,0.18,0.0,0.0,0.2,0.0
0.0,0.0,0.13,0.0,0.0,0.0,0.0,0.01,0.0,0.0,0.02,0.0,0.0,0.0,0.0,0.0,0.0,0.0,0.0,0.84,0.0
0.0,0.0,0.24,0.0,0.0,0.0,0.0,0.07,0.0,0.0,0.0,0.0,0.0,0.0,0.0,0.0,0.0,0.0,0.0,0.38,0.02
0.0,0.0,0.04,0.0,0.05,0.0,0.0,0.2,0.03,0.0,0.0,0.0,0.0,0.14,0.0,0.0,0.08,0.0,0.0,0.0,0.26
0.0,0.0,0.11,0.0,0.27,0.0,0.0,0.3,0.02,0.0,0.1,0.0,0.0,0.0,0.0,0.0,0.0,0.0,0.0,0.15,0.04
0.0,0.0,0.0,0.0,0.0,0.0,0.0,0.81,0.0,0.0,0.04,0.0,0.0,0.07,0.0,0.0,0.0,0.0,0.0,0.0,0.04
0.0,0.0,0.0,0.0,0.07,0.0,0.0,0.33,0.0,0.0,0.0,0.0,0.0,0.0,0.0,0.0,0.0,0.0,0.0,0.0,0.01
0.0,0.0,0.0,0.0,0.05,0.0,0.0,0.19,0.0,0.0,0.0,0.0,0.0,0.0,0.0,0.0,0.0,0.0,0.0,0.0,0.0
0.0,0.0,0.09,0.0,0.01,0.0,0.0,0.27,0.0,0.0,0.0,0.0,0.0,0.0,0.0,0.0,0.0,0.0,0.0,0.0,0.0
0.0,0.0,0.0,0.0,0.0,0.0,0.0,0.0,0.0,0.0,0.0,0.0,0.0,0.0,0.0,0.0,0.0,0.0,0.0,0.0,0.0
0.0,0.0,0.0,0.0,0.12,0.0,0.05,0.03,0.33,0.0,0.0,0.0,0.0,0.0,0.04,0.0,0.09,0.0,0.0,0.04,0.3
0.0,0.0,0.0,0.0,0.04,0.0,0.05,0.15,0.11,0.0,0.0,0.0,0.0,0.0,0.03,0.0,0.09,0.0,0.0,0.0,0.08
0.0,0.0,0.0,0.0,0.03,0.0,0.0,0.32,0.0,0.0,0.0,0.0,0.0,0.0,0.0,0.0,0.0,0.22,0.0,0.0,0.0
0.0,0.0,0.0,0.0,0.15,0.0,0.0,0.32,0.0,0.0,0.0,0.0,0.0,0.0,0.0,0.0,0.0,0.09,0.0,0.0,0.0
0.0,0.0,0.0,0.0,0.1,0.0,0.0,0.48,0.0,0.0,0.0,0.0,0.0,0.0,0.0,0.0,0.0,0.0,0.0,0.0,0.0
0.0,0.0,0.0,0.0,0.0,0.0,0.0,1.0,0.0,0.0,0.0,0.0,0.0,0.0,0.0,0.0,0.0,0.0,0.0,0.0,0.0
0.0,0.0,0.0,0.0,0.0,0.0,0.0,1.0,0.0,0.0,0.0,0.0,0.0,0.0,0.12,0.0,0.0,0.14,0.0,0.0,0.0
0.0,0.0,0.0,0.0,0.0,0.0,0.0,1.0,0.0,0.0,0.0,0.0,0.0,0.0,0.0,0.0,0.0,0.0,0.0,0.0,0.0
0.0,0.01,0.0,0.0,0.0,0.0,0.0,0.99,0.0,0.0,0.0,0.0,0.0,0.0,0.0,0.0,0.0,0.0,0.0,0.0,0.0
0.0,0.7,0.0,0.0,0.0,0.0,0.01,0.14,0.0,0.0,0.0,0.0,0.0,0.0,0.0,0.0,0.0,0.0,0.0,0.25,0.0
0.0,0.0,0.0,0.0,0.0,0.0,0.0,0.0,0.0,0.0,0.0,0.0,0.0,0.0,0.0,0.0,0.0,0.0,0.0,1.0,0.0
0.0,0.0,0.0,0.0,0.0,0.0,0.09,0.0,0.0,0.0,0.0,0.0,0.0,0.0,0.0,0.01,0.0,0.0,0.0,0.91,0.0
0.0,0.0,0.0,0.0,0.22,0.0,0.03,0.0,0.0,0.0,0.0,0.0,0.0,0.0,0.0,0.0,0.01,0.0,0.0,0.74,0.0
0.0,0.0,0.0,0.0,0.1,0.0,0.0,0.12,0.04,0.0,0.0,0.0,0.0,0.0,0.15,0.0,0.0,0.34,0.0,0.0,0.0
0.0,0.0,0.0,0.0,0.01,0.0,0.02,0.08,0.01,0.0,0.0,0.0,0.0,0.0,0.16,0.0,0.0,0.02,0.0,0.0,0.0
0.0,0.0,0.0,0.0,0.02,0.0,0.0,0.31,0.0,0.0,0.0,0.0,0.0,0.0,0.08,0.0,0.0,0.0,0.0,0.0,0.0
0.0,0.0,0.0,0.0,0.0,0.0,0.0,0.95,0.0,0.0,0.0,0.0,0.0,0.0,0.0,0.0,0.0,0.02,0.0,0.0,0.0
0.0,0.0,0.0,0.0,0.12,0.0,0.0,0.38,0.0,0.0,0.0,0.0,0.0,0.0,0.0,0.0,0.0,0.11,0.0,0.0,0.0
0.0,0.0,0.0,0.0,0.23,0.0,0.0,0.25,0.0,0.0,0.0,0.0,0.0,0.0,0.0,0.0,0.04,0.0,0.0,0.0,0.0
0.0,0.0,0.0,0.0,0.16,0.0,0.0,0.73,0.0,0.0,0.0,0.0,0.0,0.0,0.03,0.0,0.0,0.11,0.0,0.0,0.0
0.0,0.0,0.0,0.0,0.07,0.0,0.0,0.93,0.0,0.0,0.0,0.0,0.0,0.0,0.0,0.0,0.0,0.1,0.0,0.0,0.0
0.0,0.0,0.0,0.0,0.13,0.0,0.0,0.96,0.0,0.0,0.0,0.0,0.0,0.0,0.0,0.0,0.0,0.08,0.0,0.0,0.0
0.0,0.0,0.0,0.0,0.1,0.0,0.0,0.53,0.02,0.0,0.0,0.0,0.0,0.0,0.0,0.0,0.03,0.32,0.0,0.0,0.0
0.0,0.0,0.0,0.0,0.01,0.0,0.0,0.82,0.07,0.0,0.0,0.0,0.0,0.0,0.0,0.0,0.06,0.04,0.0,0.0,0.0
0.0,0.0,0.0,0.0,0.0,0.0,0.0,1.0,0.0,0.0,0.0,0.0,0.0,0.0,0.0,0.0,0.0,0.16,0.0,0.0,0.0
0.0,0.0,0.0,0.0,0.03,0.0,0.0,1.0,0.0,0.0,0.0,0.0,0.0,0.0,0.0,0.0,0.0,0.23,0.0,0.0,0.0
0.0,0.0,0.0,0.0,0.06,0.0,0.0,0.4,0.09,0.0,0.0,0.0,0.0,0.0,0.0,0.0,0.5,0.0,0.05,0.0,0.0
0.0,0.0,0.0,0.0,0.22,0.0,0.0,0.0,0.0,0.0,0.0,0.0,0.0,0.0,0.33,0.0,0.45,0.0,0.0,0.0,0.0
0.0,0.0,0.14,0.0,0.37,0.0,0.0,0.0,0.07,0.0,0.0,0.0,0.0,0.0,0.0,0.0,0.0,0.0,0.0,0.42,0.0
0.0,0.0,0.05,0.0,0.0,0.0,0.0,0.0,0.0,0.0,0.0,0.0,0.0,0.14,0.0,0.0,0.06,0.0,0.0,0.75,0.0
0.0,0.0,0.0,0.0,0.0,0.0,0.0,0.0,0.01,0.0,0.0,0.0,0.0,0.0,0.0,0.0,0.07,0.0,0.0,0.92,0.0
0.0,0.0,0.0,0.0,0.0,0.0,0.0,0.0,0.0,0.0,0.0,0.0,0.0,0.0,0.0,0.0,0.03,0.0,0.0,0.97,0.0
0.0,0.0,0.0,0.0,0.0,0.0,0.0,0.0,0.0,0.0,0.0,0.0,0.0,0.0,0.0,0.0,0.0,0.0,0.0,0.7,0.0
0.0,0.0,0.02,0.0,0.0,0.0,0.0,0.0,0.02,0.0,0.0,0.0,0.0,0.0,0.0,0.0,0.36,0.0,0.0,0.02,0.0
0.0,0.0,0.04,0.0,0.0,0.0,0.0,0.0,0.02,0.0,0.0,0.0,0.0,0.0,0.0,0.0,0.02,0.0,0.0,0.88,0.0
0.0,0.0,0.11,0.0,0.22,0.0,0.0,0.01,0.05,0.0,0.01,0.0,0.0,0.01,0.0,0.0,0.0,0.0,0.0,0.62,0.0
0.0,0.0,0.14,0.0,0.11,0.0,0.0,0.0,0.37,0.0,0.0,0.0,0.0,0.0,0.0,0.0,0.0,0.0,0.0,0.38,0.0
0.0,0.0,0.03,0.0,0.25,0.0,0.0,0.0,0.12,0.0,0.0,0.0,0.0,0.0,0.01,0.0,0.21,0.0,0.0,0.38,0.0
0.0,0.0,0.05,0.0,0.06,0.0,0.0,0.03,0.51,0.0,0.0,0.0,0.0,0.0,0.0,0.0,0.28,0.0,0.0,0.21,0.0
0.0,0.0,0.0,0.0,0.07,0.0,0.0,0.06,0.47,0.0,0.0,0.0,0.0,0.0,0.0,0.0,1.0,0.02,0.0,0.0,0.0
0.0,0.0,0.02,0.0,0.2,0.0,0.0,0.03,0.03,0.0,0.0,0.0,0.0,0.0,0.06,0.0,0.92,0.01,0.0,0.0,0.0
0.0,0.0,0.15,0.0,0.14,0.0,0.0,0.12,0.0,0.0,0.0,0.0,0.0,0.0,0.15,0.0,0.33,0.0,0.0,0.0,0.0
0.0,0.0,0.0,0.0,0.08,0.0,0.0,0.16,0.0,0.0,0.0,0.0,0.0,0.0,0.0,0.0,0.23,0.0,0.0,0.0,0.02
0.0,0.0,0.01,0.0,0.07,0.0,0.0,0.0,0.0,0.0,0.0,0.0,0.0,0.0,0.0,0.0,0.5,0.0,0.0,0.0,0.42
0.0,0.0,0.57,0.0,0.0,0.0,0.0,0.0,0.0,0.0,0.0,0.0,0.0,0.0,0.0,0.0,0.0,0.0,0.0,0.12,0.31
0.0,0.0,0.3,0.0,0.0,0.0,0.0,0.0,0.0,0.0,0.0,0.0,0.0,0.0,0.0,0.0,0.0,0.0,0.0,0.0,0.7
0.0,0.0,0.0,0.06,0.0,0.0,0.0,0.01,0.08,0.0,0.0,0.0,0.0,0.11,0.22,0.0,0.0,0.04,0.01,0.0,0.2
0.0,0.0,0.0,0.0,0.15,0.0,0.0,0.1,0.0,0.0,0.0,0.0,0.0,0.0,0.04,0.0,0.0,0.16,0.0,0.0,0.01
0.0,0.0,0.02,0.0,0.22,0.0,0.0,0.25,0.0,0.0,0.0,0.0,0.0,0.0,0.0,0.0,0.0,0.04,0.0,0.0,0.0
0.0,0.0,0.26,0.0,0.0,0.0,0.0,0.01,0.0,0.0,0.0,0.0,0.0,0.0,0.0,0.0,0.0,0.0,0.0,0.0,0.0
0.0,0.0,0.0,0.0,0.09,0.0,0.11,0.36,0.18,0.0,0.0,0.0,0.0,0.0,0.35,0.0,0.0,0.0,0.0,0.0,0.03
0.0,0.0,0.0,0.0,0.09,0.0,0.13,0.24,0.0,0.01,0.0,0.0,0.0,0.0,0.32,0.0,0.0,0.04,0.0,0.0,0.16
0.0,0.0,0.0,0.0,0.4,0.0,0.14,0.13,0.07,0.0,0.07,0.0,0.0,0.0,0.0,0.0,0.08,0.07,0.0,0.0,0.0
0.0,0.0,0.0,0.0,0.0,0.0,0.0,0.66,0.01,0.0,0.0,0.0,0.0,0.0,0.0,0.0,0.01,0.04,0.0,0.0,0.0
0.0,0.0,0.0,0.0,0.0,0.0,0.0,0.64,0.0,0.0,0.0,0.0,0.0,0.0,0.05,0.0,0.0,0.01,0.0,0.0,0.0
0.0,0.0,0.0,0.0,0.0,0.0,0.0,1.0,0.0,0.0,0.0,0.0,0.0,0.0,0.0,0.0,0.0,0.0,0.0,0.0,0.0
0.0,0.0,0.0,0.0,0.0,0.0,0.0,1.0,0.0,0.0,0.0,0.0,0.0,0.0,0.0,0.0,0.0,0.0,0.0,0.0,0.0
0.0,0.0,0.0,0.0,0.0,0.0,0.0,1.0,0.0,0.0,0.0,0.0,0.0,0.0,0.0,0.0,0.0,0.1,0.0,0.0,0.0
0.02,0.0,0.0,0.0,0.0,0.0,0.0,1.0,0.0,0.0,0.0,0.0,0.0,0.0,0.0,0.0,0.0,0.09,0.0,0.0,0.0
0.26,0.4,0.0,0.0,0.0,0.0,0.0,0.56,0.0,0.0,0.0,0.0,0.0,0.0,0.0,0.0,0.0,0.0,0.0,0.04,0.0
0.0,0.2,0.0,0.0,0.0,0.0,0.36,0.0,0.0,0.0,0.0,0.0,0.0,0.0,0.0,0.0,0.0,0.0,0.0,0.44,0.01
0.0,0.0,0.0,0.0,0.01,0.0,0.49,0.21,0.0,0.0,0.0,0.0,0.0,0.0,0.0,0.03,0.0,0.12,0.0,0.16,0.01
0.0,0.0,0.0,0.0,0.38,0.0,0.52,0.0,0.04,0.0,0.0,0.0,0.0,0.0,0.0,0.07,0.05,0.0,0.0,0.01,0.05
0.0,0.0,0.0,0.0,0.15,0.0,0.0,0.01,0.2,0.0,0.0,0.0,0.0,0.0,0.54,0.0,0.0,0.04,0.0,0.0,0.0
0.0,0.0,0.0,0.0,0.1,0.0,0.01,0.01,0.01,0.0,0.0,0.0,0.0,0.0,0.62,0.0,0.0,0.11,0.0,0.0,0.0
0.0,0.0,0.0,0.0,0.03,0.0,0.0,0.06,0.02,0.0,0.0,0.0,0.0,0.0,0.03,0.0,0.0,0.22,0.0,0.0,0.0
0.0,0.0,0.0,0.0,0.0,0.0,0.0,0.18,0.14,0.0,0.0,0.0,0.0,0.0,0.0,0.0,0.06,0.0,0.0,0.0,0.0
0.0,0.0,0.0,0.0,0.24,0.0,0.0,0.07,0.09,0.0,0.0,0.0,0.0,0.0,0.0,0.0,0.06,0.17,0.0,0.0,0.0
0.0,0.0,0.0,0.0,0.02,0.0,0.0,0.98,0.0,0.0,0.0,0.0,0.0,0.0,0.0,0.0,0.02,0.09,0.0,0.0,0.0
0.0,0.0,0.0,0.0,0.13,0.0,0.0,0.96,0.0,0.0,0.0,0.0,0.0,0.0,0.05,0.0,0.0,0.14,0.0,0.0,0.0
0.0,0.0,0.0,0.0,0.12,0.0,0.0,0.88,0.0,0.0,0.0,0.0,0.0,0.0,0.0,0.0,0.0,0.27,0.0,0.0,0.0
0.0,0.0,0.0,0.0,0.28,0.0,0.0,0.61,0.0,0.0,0.0,0.0,0.0,0.0,0.0,0.0,0.01,0.1,0.0,0.0,0.0
0.0,0.0,0.0,0.0,0.15,0.0,0.0,0.43,0.0,0.0,0.0,0.0,0.0,0.0,0.0,0.0,0.11,0.33,0.0,0.0,0.0
0.0,0.0,0.0,0.0,0.03,0.0,0.0,1.0,0.0,0.0,0.0,0.0,0.0,0.0,0.0,0.0,0.0,0.0,0.0,0.0,0.0
0.0,0.0,0.0,0.0,0.2,0.0,0.0,0.87,0.0,0.0,0.0,0.0,0.0,0.0,0.0,0.0,0.0,0.09,0.0,0.0,0.0
0.0,0.0,0.0,0.0,0.15,0.0,0.0,0.8,0.05,0.0,0.0,0.0,0.0,0.0,0.0,0.0,0.15,0.0,0.0,0.0,0.0
0.0,0.0,0.0,0.0,0.02,0.0,0.0,0.04,0.51,0.0,0.0,0.0,0.0,0.0,0.0,0.0,0.51,0.0,0.0,0.0,0.0
0.0,0.0,0.06,0.0,0.0,0.0,0.0,0.0,0.0,0.0,0.0,0.0,0.0,0.0,0.04,0.0,0.51,0.0,0.0,0.39,0.0
0.0,0.0,0.01,0.0,0.0,0.0,0.0,0.0,0.05,0.0,0.0,0.0,0.0,0.0,0.0,0.0,0.0,0.0,0.0,0.94,0.0
0.0,0.0,0.01,0.0,0.0,0.0,0.0,0.0,0.2,0.0,0.0,0.0,0.0,0.0,0.0,0.0,0.0,0.0,0.0,0.79,0.0
0.0,0.0,0.26,0.0,0.0,0.0,0.0,0.0,0.05,0.0,0.0,0.0,0.0,0.0,0.0,0.0,0.12,0.0,0.0,0.57,0.0
0.0,0.0,0.28,0.0,0.0,0.0,0.0,0.0,0.0,0.0,0.0,0.0,0.0,0.0,0.26,0.0,0.02,0.0,0.0,0.44,0.0
0.0,0.0,0.18,0.0,0.0,0.0,0.0,0.58,0.0,0.0,0.0,0.0,0.0,0.0,0.17,0.0,0.0,0.0,0.0,0.05,0.0
0.0,0.0,0.0,0.0,0.31,0.0,0.0,0.72,0.0,0.0,0.0,0.0,0.0,0.0,0.0,0.0,0.02,0.0,0.0,0.0,0.0
0.0,0.0,0.01,0.0,0.56,0.0,0.0,0.29,0.1,0.0,0.0,0.0,0.0,0.0,0.0,0.0,0.13,0.06,0.0,0.0,0.0
0.0,0.0,0.0,0.0,0.23,0.0,0.0,0.72,0.08,0.0,0.0,0.0,0.0,0.0,0.0,0.0,0.0,0.02,0.0,0.0,0.0
0.0,0.0,0.0,0.0,0.03,0.0,0.0,0.79,0.19,0.0,0.0,0.0,0.0,0.0,0.0,0.0,0.0,0.0,0.0,0.0,0.0
0.0,0.0,0.0,0.0,0.11,0.0,0.0,0.21,0.39,0.0,0.0,0.0,0.0,0.0,0.13,0.0,0.06,0.1,0.0,0.0,0.0
0.0,0.0,0.04,0.0,0.02,0.0,0.0,0.0,0.0,0.0,0.0,0.0,0.0,0.0,0.0,0.0,0.39,0.0,0.0,0.55,0.0
0.0,0.0,0.1,0.0,0.41,0.0,0.0,0.05,0.14,0.0,0.0,0.0,0.0,0.18,0.0,0.0,0.64,0.0,0.0,0.03,0.0
0.0,0.0,0.0,0.0,0.15,0.0,0.0,0.03,0.0,0.0,0.0,0.0,0.0,0.1,0.23,0.0,1.0,0.0,0.0,0.0,0.0
0.0,0.0,0.0,0.0,0.06,0.0,0.0,0.16,0.0,0.0,0.0,0.02,0.0,0.0,0.02,0.0,1.0,0.11,0.0,0.0,0.0
0.0,0.0,0.0,0.0,0.03,0.0,0.02,0.15,0.06,0.0,0.0,0.0,0.0,0.0,0.0,0.0,0.84,0.06,0.0,0.0,0.05
0.0,0.0,0.0,0.0,0.04,0.0,0.05,0.07,0.07,0.0,0.0,0.0,0.0,0.0,0.0,0.0,0.03,0.0,0.0,0.0,0.53
0.0,0.0,0.02,0.0,0.0,0.0,0.08,0.0,0.0,0.0,0.0,0.0,0.0,0.0,0.0,0.0,0.0,0.0,0.0,0.0,0.85
0.0,0.0,0.36,0.0,0.0,0.0,0.0,0.0,0.0,0.0,0.0,0.0,0.0,0.01,0.0,0.0,0.0,0.0,0.0,0.0,0.63
0.0,0.0,0.15,0.03,0.0,0.0,0.05,0.0,0.0,0.0,0.0,0.0,0.0,0.29,0.04,0.0,0.0,0.0,0.13,0.0,0.23
0.0,0.0,0.0,0.0,0.0,0.0,0.0,0.22,0.0,0.0,0.0,0.0,0.0,0.11,0.01,0.0,0.0,0.0,0.0,0.0,0.21
0.0,0.0,0.01,0.0,0.0,0.0,0.0,0.39,0.0,0.0,0.0,0.0,0.0,0.0,0.0,0.0,0.0,0.0,0.0,0.0,0.0
0.0,0.0,0.17,0.0,0.0,0.0,0.0,0.19,0.0,0.0,0.0,0.0,0.0,0.0,0.09,0.0,0.0,0.0,0.0,0.0,0.0
0.0,0.0,0.0,0.0,0.0,0.0,0.17,0.66,0.0,0.01,0.0,0.0,0.0,0.0,0.1,0.0,0.0,0.0,0.0,0.0,0.05
0.0,0.0,0.0,0.0,0.15,0.0,0.59,0.0,0.0,0.01,0.0,0.0,0.0,0.0,0.04,0.0,0.0,0.19,0.0,0.0,0.05
0.0,0.0,0.0,0.0,0.0,0.0,0.77,0.0,0.0,0.0,0.0,0.0,0.0,0.0,0.0,0.0,0.0,0.23,0.0,0.0,0.0
0.0,0.0,0.0,0.0,0.11,0.0,0.41,0.05,0.3,0.0,0.0,0.0,0.0,0.0,0.0,0.0,0.07,0.02,0.0,0.0,0.03
0.0,0.0,0.0,0.0,0.0,0.0,0.0,0.36,0.0,0.0,0.0,0.13,0.0,0.0,0.18,0.0,0.01,0.0,0.0,0.0,0.0
0.0,0.0,0.0,0.0,0.0,0.0,0.0,0.73,0.0,0.0,0.0,0.25,0.0,0.0,0.0,0.0,0.0,0.04,0.0,0.0,0.0
0.0,0.0,0.0,0.0,0.0,0.0,0.0,0.93,0.0,0.0,0.0,0.0,0.0,0.0,0.0,0.0,0.0,0.07,0.0,0.0,0.0
0.0,0.0,0.0,0.0,0.0,0.0,0.0,1.0,0.0,0.0,0.0,0.0,0.0,0.0,0.0,0.0,0.0,0.0,0.0,0.0,0.0
0.0,0.0,0.0,0.0,0.15,0.0,0.0,0.64,0.0,0.0,0.0,0.0,0.0,0.0,0.01,0.0,0.0,0.0,0.0,0.0,0.0
0.0,0.14,0.0,0.0,0.0,0.0,0.04,0.38,0.02,0.0,0.0,0.0,0.0,0.0,0.0,0.0,0.0,0.3,0.0,0.01,0.01
0.0,0.09,0.0,0.0,0.41,0.0,0.22,0.0,0.18,0.0,0.0,0.0,0.0,0.0,0.0,0.02,0.0,0.06,0.0,0.06,0.0
0.0,0.0,0.0,0.0,0.49,0.0,0.01,0.1,0.38,0.0,0.0,0.0,0.0,0.0,0.0,0.0,0.0,0.02,0.0,0.0,0.0
0.0,0.0,0.0,0.0,0.51,0.0,0.0,0.0,0.47,0.0,0.0,0.0,0.0,0.0,0.0,0.0,0.0,0.02,0.0,0.0,0.0
0.0,0.0,0.0,0.0,0.37,0.0,0.0,0.07,0.01,0.0,0.0,0.0,0.0,0.0,0.27,0.06,0.1,0.12,0.0,0.0,0.0
0.0,0.0,0.0,0.08,0.05,0.0,0.07,0.18,0.0,0.0,0.0,0.0,0.0,0.0,0.18,0.0,0.09,0.05,0.0,0.0,0.0
0.0,0.0,0.0,0.0,0.0,0.0,0.06,0.12,0.16,0.0,0.0,0.0,0.0,0.0,0.19,0.0,0.04,0.1,0.0,0.0,0.0
0.0,0.0,0.0,0.0,0.26,0.0,0.0,0.19,0.0,0.0,0.0,0.0,0.0,0.0,0.0,0.0,0.0,0.05,0.0,0.0,0.0
0.0,0.0,0.0,0.0,0.27,0.0,0.0,0.05,0.0,0.0,0.0,0.0,0.0,0.0,0.0,0.0,0.0,0.1,0.0,0.0,0.0
0.0,0.0,0.0,0.0,0.02,0.0,0.0,1.0,0.0,0.0,0.0,0.0,0.0,0.0,0.0,0.0,0.0,0.04,0.0,0.0,0.0
0.0,0.0,0.0,0.0,0.05,0.0,0.0,0.96,0.03,0.0,0.0,0.0,0.0,0.0,0.0,0.0,0.0,0.09,0.0,0.0,0.0
0.0,0.0,0.0,0.0,0.0,0.0,0.07,0.71,0.19,0.0,0.0,0.0,0.0,0.0,0.0,0.0,0.03,0.05,0.0,0.0,0.0
0.0,0.0,0.0,0.0,0.07,0.0,0.01,0.73,0.12,0.0,0.0,0.0,0.0,0.0,0.0,0.0,0.07,0.1,0.0,0.0,0.0
0.0,0.0,0.0,0.0,0.03,0.0,0.0,0.97,0.0,0.0,0.0,0.0,0.0,0.0,0.01,0.0,0.0,0.12,0.0,0.0,0.0
0.0,0.0,0.0,0.0,0.22,0.0,0.0,0.66,0.0,0.0,0.0,0.0,0.0,0.0,0.12,0.0,0.0,0.01,0.0,0.0,0.0
0.0,0.0,0.0,0.0,0.46,0.0,0.0,0.03,0.0,0.0,0.0,0.0,0.0,0.0,0.35,0.0,0.16,0.0,0.0,0.0,0.0
0.0,0.0,0.0,0.0,0.02,0.0,0.0,0.14,0.43,0.0,0.0,0.0,0.0,0.0,0.0,0.0,0.29,0.12,0.0,0.0,0.0
0.0,0.0,0.0,0.0,0.0,0.0,0.0,0.0,0.75,0.0,0.0,0.0,0.0,0.05,0.0,0.0,0.2,0.0,0.0,0.0,0.0
0.0,0.0,0.17,0.0,0.0,0.0,0.0,0.0,0.04,0.0,0.0,0.0,0.0,0.07,0.0,0.0,0.11,0.05,0.0,0.56,0.0
0.0,0.0,0.02,0.0,0.0,0.0,0.0,0.0,0.94,0.0,0.0,0.0,0.0,0.02,0.0,0.0,0.0,0.02,0.0,0.0,0.0
0.0,0.0,0.0,0.0,0.0,0.0,0.0,0.0,1.0,0.0,0.0,0.0,0.0,0.0,0.0,0.0,0.0,0.0,0.0,0.0,0.0
0.0,0.0,0.0,0.0,0.0,0.0,0.0,0.0,0.33,0.0,0.0,0.0,0.0,0.0,0.0,0.0,0.67,0.0,0.0,0.0,0.0
0.0,0.0,0.11,0.0,0.0,0.0,0.0,0.0,0.0,0.0,0.0,0.0,0.0,0.0,0.04,0.0,0.61,0.0,0.0,0.24,0.0
0.0,0.0,0.14,0.0,0.01,0.0,0.12,0.43,0.0,0.0,0.11,0.0,0.0,0.0,0.05,0.0,0.0,0.05,0.0,0.09,0.0
0.0,0.0,0.0,0.0,0.04,0.0,0.07,0.5,0.28,0.0,0.0,0.0,0.0,0.0,0.0,0.0,0.0,0.13,0.0,0.0,0.0
0.0,0.0,0.0,0.0,0.43,0.0,0.0,0.31,0.28,0.0,0.0,0.0,0.0,0.0,0.0,0.0,0.0,0.11,0.0,0.0,0.0
0.0,0.0,0.0,0.06,0.31,0.0,0.0,0.65,0.0,0.0,0.0,0.0,0.0,0.0,0.0,0.0,0.0,0.25,0.0,0.0,0.0
0.0,0.0,0.0,0.05,0.0,0.0,0.0,1.0,0.0,0.0,0.0,0.0,0.0,0.0,0.01,0.0,0.0,0.06,0.0,0.0,0.0
0.0,0.0,0.0,0.0,0.03,0.0,0.06,0.51,0.35,0.0,0.0,0.0,0.0,0.0,0.0,0.0,0.05,0.01,0.0,0.0,0.0
0.0,0.0,0.03,0.0,0.39,0.0,0.0,0.0,0.07,0.0,0.0,0.0,0.0,0.0,0.0,0.0,0.39,0.0,0.0,0.12,0.0
0.0,0.0,0.24,0.0,0.2,0.0,0.0,0.0,0.14,0.0,0.0,0.0,0.0,0.0,0.0,0.0,0.05,0.0,0.0,0.39,0.0
0.0,0.0,0.0,0.0,0.08,0.0,0.15,0.11,0.01,0.0,0.0,0.02,0.0,0.24,0.0,0.0,0.98,0.0,0.0,0.0,0.0
0.0,0.0,0.0,0.0,0.0,0.0,0.08,0.5,0.0,0.0,0.0,0.0,0.0,0.0,0.0,0.0,1.0,0.18,0.0,0.0,0.0
0.0,0.0,0.0,0.0,0.0,0.0,0.0,0.38,0.0,0.0,0.0,0.04,0.0,0.0,0.07,0.0,1.0,0.01,0.0,0.0,0.0
0.0,0.0,0.0,0.0,0.03,0.0,0.11,0.05,0.03,0.0,0.0,0.0,0.0,0.04,0.26,0.0,0.73,0.0,0.0,0.0,0.16
0.0,0.0,0.04,0.0,0.0,0.0,0.04,0.0,0.0,0.0,0.0,0.0,0.0,0.0,0.0,0.0,0.0,0.6,0.0,0.0,0.06
0.0,0.0,0.15,0.0,0.0,0.0,0.0,0.03,0.0,0.0,0.0,0.0,0.0,0.05,0.0,0.0,0.0,0.05,0.0,0.0,0.77
0.0,0.0,0.05,0.0,0.0,0.0,0.0,0.01,0.0,0.0,0.0,0.0,0.0,0.39,0.0,0.0,0.0,0.0,0.0,0.0,0.71
0.0,0.0,0.34,0.0,0.0,0.0,0.0,0.08,0.0,0.0,0.0,0.0,0.0,0.03,0.0,0.0,0.0,0.0,0.0,0.0,0.0
0.0,0.0,0.36,0.0,0.0,0.0,0.0,0.07,0.0,0.0,0.0,0.0,0.0,0.0,0.0,0.0,0.0,0.0,0.0,0.0,0.0
0.0,0.0,0.12,0.0,0.0,0.0,0.05,0.05,0.0,0.0,0.0,0.0,0.0,0.0,0.03,0.0,0.0,0.0,0.0,0.0,0.0
0.0,0.0,0.0,0.0,0.0,0.0,0.3,0.65,0.0,0.0,0.0,0.0,0.0,0.0,0.0,0.0,0.0,0.0,0.0,0.02,0.01
0.0,0.0,0.0,0.0,0.0,0.0,0.56,0.0,0.0,0.16,0.0,0.0,0.0,0.0,0.0,0.0,0.0,0.44,0.0,0.06,0.0
0.0,0.0,0.0,0.0,0.0,0.0,0.19,0.0,0.0,0.0,0.0,0.0,0.0,0.0,0.0,0.0,0.0,0.87,0.0,0.0,0.0
0.0,0.0,0.0,0.0,0.0,0.0,0.9,0.0,0.0,0.0,0.0,0.0,0.0,0.0,0.0,0.0,0.0,0.1,0.0,0.0,0.07
0.0,0.0,0.0,0.0,0.03,0.0,0.27,0.09,0.02,0.14,0.0,0.26,0.0,0.0,0.0,0.0,0.08,0.0,0.0,0.0,0.0
0.0,0.0,0.0,0.0,0.0,0.0,0.03,0.01,0.0,0.22,0.0,0.61,0.0,0.0,0.0,0.0,0.0,0.12,0.0,0.0,0.05
0.0,0.0,0.0,0.0,0.0,0.0,0.14,0.35,0.0,0.01,0.0,0.0,0.0,0.0,0.23,0.0,0.0,0.2,0.0,0.0,0.0
0.0,0.0,0.0,0.0,0.0,0.0,0.0,0.49,0.0,0.0,0.0,0.0,0.0,0.0,0.25,0.0,0.0,0.03,0.0,0.23,0.0
0.0,0.0,0.0,0.0,0.0,0.0,0.0,0.35,0.0,0.0,0.0,0.0,0.0,0.0,0.29,0.0,0.0,0.0,0.0,0.23,0.0
0.0,0.0,0.0,0.0,0.18,0.0,0.0,0.58,0.04,0.0,0.0,0.0,0.0,0.0,0.02,0.0,0.0,0.04,0.0,0.0,0.0
0.0,0.0,0.0,0.0,0.18,0.0,0.01,0.1,0.6,0.0,0.0,0.0,0.0,0.0,0.05,0.04,0.0,0.0,0.0,0.0,0.0
0.0,0.0,0.0,0.0,0.08,0.0,0.0,0.0,0.87,0.0,0.0,0.0,0.0,0.0,0.0,0.0,0.08,0.0,0.0,0.0,0.0
0.0,0.0,0.0,0.0,0.18,0.0,0.0,0.12,0.56,0.0,0.0,0.0,0.0,0.0,0.0,0.0,0.14,0.0,0.0,0.0,0.0
0.0,0.0,0.0,0.0,0.05,0.0,0.0,0.06,0.01,0.0,0.0,0.0,0.0,0.04,0.0,0.06,0.0,0.1,0.0,0.05,0.0
0.0,0.0,0.0,0.19,0.0,0.0,0.0,0.19,0.01,0.0,0.0,0.0,0.0,0.0,0.0,0.0,0.0,0.05,0.0,0.0,0.0
0.0,0.0,0.0,0.0,0.03,0.0,0.0,0.24,0.01,0.0,0.0,0.0,0.0,0.0,0.0,0.0,0.0,0.26,0.0,0.0,0.0
0.0,0.0,0.0,0.0,0.22,0.0,0.0,0.14,0.0,0.0,0.0,0.0,0.0,0.0,0.0,0.0,0.0,0.04,0.0,0.0,0.0
0.0,0.0,0.0,0.0,0.18,0.0,0.0,0.1,0.0,0.0,0.0,0.0,0.0,0.0,0.0,0.0,0.0,0.03,0.0,0.0,0.0
0.0,0.0,0.0,0.0,0.02,0.0,0.0,0.99,0.0,0.0,0.0,0.0,0.0,0.0,0.0,0.0,0.0,0.02,0.0,0.0,0.0
0.0,0.0,0.0,0.0,0.13,0.0,0.02,0.9,0.08,0.0,0.0,0.0,0.0,0.0,0.0,0.0,0.0,0.02,0.0,0.0,0.0
0.0,0.0,0.0,0.0,0.0,0.0,0.08,0.66,0.2,0.0,0.0,0.0,0.0,0.0,0.0,0.0,0.06,0.05,0.0,0.0,0.0
0.0,0.0,0.0,0.0,0.04,0.0,0.0,1.0,0.0,0.0,0.0,0.0,0.0,0.0,0.0,0.0,0.0,0.0,0.0,0.0,0.0
0.0,0.0,0.0,0.0,0.5,0.0,0.0,0.44,0.0,0.0,0.0,0.0,0.0,0.0,0.0,0.0,0.0,0.06,0.0,0.0,0.0
0.0,0.0,0.0,0.0,0.3,0.0,0.0,0.7,0.0,0.0,0.0,0.0,0.0,0.0,0.0,0.0,0.0,0.0,0.0,0.0,0.0
0.0,0.0,0.0,0.0,0.06,0.0,0.0,0.34,0.08,0.0,0.0,0.0,0.0,0.0,0.21,0.0,0.31,0.0,0.0,0.0,0.0
0.0,0.0,0.0,0.0,0.0,0.0,0.0,0.0,0.82,0.0,0.0,0.0,0.0,0.12,0.0,0.0,0.06,0.0,0.0,0.0,0.0
0.0,0.0,0.05,0.0,0.0,0.0,0.0,0.0,0.31,0.0,0.04,0.0,0.0,0.29,0.0,0.0,0.21,0.0,0.0,0.1,0.0
0.0,0.0,0.19,0.0,0.0,0.0,0.0,0.0,0.0,0.0,0.0,0.0,0.0,0.02,0.0,0.0,0.23,0.0,0.0,0.56,0.0
0.0,0.0,0.15,0.0,0.0,0.0,0.0,0.0,0.38,0.0,0.0,0.0,0.0,0.17,0.16,0.0,0.12,0.0,0.0,0.02,0.0
0.0,0.0,0.0,0.0,0.0,0.0,0.0,0.0,0.94,0.0,0.0,0.0,0.0,0.0,0.06,0.0,0.0,0.0,0.0,0.0,0.0
0.0,0.0,0.0,0.0,0.0,0.0,0.0,0.0,0.95,0.0,0.0,0.0,0.0,0.0,0.0,0.0,0.05,0.0,0.0,0.0,0.03
0.0,0.0,0.0,0.0,0.0,0.0,0.0,0.0,0.05,0.0,0.0,0.0,0.0,0.0,0.0,0.0,0.95,0.0,0.0,0.0,0.0
0.0,0.0,0.15,0.0,0.06,0.0,0.02,0.0,0.21,0.0,0.19,0.0,0.0,0.0,0.0,0.0,0.24,0.0,0.0,0.16,0.0
0.0,0.0,0.0,0.0,0.17,0.0,0.0,0.0,0.8,0.0,0.04,0.0,0.0,0.0,0.0,0.0,0.0,0.04,0.0,0.0,0.0
0.0,0.0,0.0,0.0,0.62,0.0,0.0,0.13,0.19,0.0,0.0,0.0,0.0,0.0,0.06,0.0,0.0,0.03,0.0,0.0,0.0
0.0,0.0,0.0,0.0,0.4,0.0,0.0,0.22,0.01,0.0,0.0,0.0,0.0,0.0,0.02,0.0,0.0,0.43,0.0,0.0,0.0
0.0,0.0,0.0,0.0,0.04,0.0,0.02,0.51,0.28,0.0,0.0,0.0,0.0,0.0,0.04,0.0,0.01,0.16,0.0,0.0,0.0
0.0,0.0,0.0,0.0,0.45,0.0,0.0,0.07,0.23,0.0,0.0,0.0,0.0,0.0,0.0,0.0,0.27,0.0,0.0,0.0,0.0
0.0,0.0,0.03,0.0,0.01,0.0,0.0,0.0,0.0,0.0,0.0,0.0,0.0,0.0,0.0,0.0,0.96,0.0,0.0,0.0,0.0
0.0,0.0,0.12,0.0,0.23,0.0,0.0,0.0,0.04,0.0,0.0,0.0,0.0,0.0,0.0,0.0,0.13,0.0,0.0,0.48,0.0
0.0,0.0,0.0,0.0,0.06,0.0,0.1,0.16,0.27,0.0,0.0,0.0,0.0,0.12,0.11,0.04,0.6,0.0,0.0,0.0,0.0
0.0,0.0,0.0,0.0,0.12,0.0,0.1,0.08,0.0,0.0,0.0,0.0,0.0,0.0,0.39,0.0,1.0,0.0,0.0,0.0,0.0
0.0,0.0,0.0,0.0,0.0,0.0,0.01,0.03,0.0,0.0,0.0,0.0,0.0,0.0,0.95,0.0,1.0,0.0,0.0,0.0,0.0
0.0,0.0,0.0,0.0,0.0,0.0,0.01,0.0,0.0,0.0,0.0,0.0,0.0,0.0,0.78,0.0,0.99,0.0,0.0,0.11,0.14
0.0,0.0,0.12,0.0,0.12,0.0,0.02,0.01,0.07,0.0,0.0,0.0,0.0,0.0,0.17,0.0,0.06,0.15,0.0,0.0,0.27
0.0,0.0,0.09,0.0,0.0,0.0,0.01,0.54,0.0,0.0,0.02,0.0,0.0,0.0,0.0,0.0,0.0,0.03,0.0,0.0,0.31
0.0,0.0,0.21,0.0,0.0,0.0,0.0,0.78,0.0,0.0,0.0,0.0,0.0,0.0,0.0,0.0,0.0,0.0,0.0,0.0,0.01
0.0,0.0,0.03,0.0,0.0,0.0,0.0,0.0,0.0,0.0,0.0,0.0,0.0,0.0,0.0,0.0,0.0,0.0,0.0,0.0,0.0
0.0,0.0,0.0,0.0,0.0,0.0,0.0,0.0,0.0,0.0,0.0,0.0,0.0,0.0,0.0,0.0,0.0,0.0,0.0,0.0,0.0
0.0,0.0,0.0,0.0,0.0,0.0,0.0,0.0,0.0,0.0,0.0,0.0,0.0,0.0,0.0,0.0,0.0,0.0,0.0,0.0,0.0
0.0,0.0,0.0,0.0,0.0,0.0,0.06,0.93,0.0,0.0,0.0,0.0,0.0,0.0,0.0,0.0,0.0,0.0,0.0,0.0,0.01
0.0,0.0,0.0,0.0,0.0,0.0,0.27,0.4,0.0,0.0,0.0,0.0,0.0,0.0,0.0,0.0,0.0,0.31,0.0,0.05,0.0
0.0,0.0,0.0,0.0,0.0,0.0,0.63,0.0,0.0,0.0,0.0,0.0,0.0,0.0,0.0,0.0,0.0,0.37,0.0,0.0,0.04
0.0,0.0,0.0,0.0,0.0,0.0,0.42,0.0,0.0,0.0,0.0,0.33,0.0,0.0,0.1,0.0,0.0,0.15,0.0,0.0,0.0
0.0,0.0,0.0,0.0,0.0,0.0,0.34,0.02,0.0,0.14,0.0,0.52,0.0,0.0,0.0,0.0,0.01,0.0,0.0,0.0,0.0
0.0,0.0,0.0,0.0,0.43,0.0,0.11,0.08,0.0,0.0,0.0,0.16,0.0,0.0,0.0,0.0,0.05,0.28,0.0,0.0,0.01
0.0,0.0,0.0,0.0,0.14,0.0,0.0,0.48,0.0,0.0,0.0,0.0,0.0,0.0,0.27,0.0,0.06,0.05,0.0,0.0,0.0
0.0,0.0,0.0,0.0,0.0,0.0,0.0,0.49,0.0,0.0,0.0,0.0,0.0,0.0,0.25,0.0,0.05,0.21,0.0,0.0,0.0
0.0,0.0,0.0,0.0,0.01,0.0,0.0,0.41,0.11,0.0,0.0,0.0,0.0,0.0,0.14,0.0,0.05,0.27,0.0,0.01,0.0
0.0,0.0,0.0,0.0,0.41,0.0,0.2,0.01,0.21,0.0,0.0,0.0,0.0,0.0,0.0,0.0,0.05,0.02,0.0,0.06,0.03
0.0,0.0,0.0,0.0,0.13,0.0,0.33,0.0,0.14,0.0,0.0,0.0,0.0,0.0,0.0,0.05,0.09,0.0,0.0,0.05,0.23
0.0,0.0,0.0,0.0,0.21,0.01,0.39,0.0,0.28,0.0,0.0,0.0,0.0,0.0,0.0,0.0,0.03,0.0,0.0,0.06,0.02
0.0,0.0,0.0,0.0,0.22,0.0,0.02,0.0,0.2,0.0,0.0,0.0,0.0,0.08,0.0,0.0,0.33,0.0,0.0,0.06,0.09
0.0,0.0,0.0,0.0,0.0,0.0,0.0,0.02,0.01,0.0,0.0,0.0,0.0,0.37,0.0,0.15,0.11,0.07,0.0,0.12,0.0
0.0,0.0,0.0,0.0,0.0,0.0,0.0,0.44,0.0,0.0,0.0,0.0,0.0,0.0,0.0,0.0,0.0,0.0,0.0,0.0,0.0
0.0,0.0,0.0,0.0,0.19,0.0,0.0,0.13,0.0,0.0,0.0,0.0,0.0,0.0,0.0,0.0,0.06,0.14,0.0,0.0,0.0
0.0,0.0,0.0,0.0,0.29,0.0,0.0,0.02,0.0,0.0,0.0,0.0,0.0,0.0,0.0,0.0,0.0,0.06,0.0,0.0,0.0
0.0,0.0,0.0,0.0,0.68,0.0,0.0,0.32,0.0,0.0,0.0,0.0,0.0,0.0,0.0,0.0,0.0,0.02,0.0,0.0,0.0
0.0,0.0,0.0,0.0,0.22,0.0,0.02,0.76,0.0,0.0,0.0,0.0,0.0,0.0,0.0,0.0,0.0,0.01,0.0,0.0,0.0
0.0,0.0,0.0,0.0,0.15,0.0,0.0,0.83,0.01,0.0,0.0,0.0,0.0,0.0,0.0,0.0,0.01,0.0,0.0,0.0,0.0
0.0,0.0,0.0,0.0,0.39,0.0,0.0,0.74,0.03,0.0,0.0,0.0,0.0,0.0,0.03,0.01,0.02,0.0,0.0,0.0,0.0
0.0,0.0,0.0,0.0,0.06,0.0,0.0,0.92,0.0,0.0,0.0,0.0,0.0,0.0,0.0,0.0,0.0,0.06,0.0,0.0,0.0
0.0,0.0,0.0,0.0,0.17,0.0,0.0,0.85,0.0,0.0,0.0,0.0,0.0,0.0,0.0,0.0,0.0,0.01,0.0,0.0,0.0
0.0,0.0,0.0,0.0,0.04,0.0,0.0,0.66,0.0,0.0,0.0,0.0,0.0,0.0,0.0,0.0,0.15,0.15,0.0,0.0,0.0
0.0,0.0,0.0,0.0,0.02,0.0,0.0,0.58,0.07,0.0,0.0,0.0,0.0,0.0,0.01,0.0,0.33,0.0,0.0,0.0,0.0
0.0,0.0,0.0,0.0,0.0,0.0,0.0,0.0,0.64,0.0,0.0,0.0,0.0,0.17,0.0,0.0,0.0,0.06,0.0,0.13,0.0
0.0,0.0,0.0,0.0,0.0,0.0,0.0,0.0,0.0,0.0,0.07,0.0,0.0,0.2,0.0,0.0,0.11,0.06,0.0,0.56,0.0
0.0,0.0,0.09,0.0,0.3,0.0,0.0,0.0,0.0,0.0,0.0,0.0,0.0,0.12,0.0,0.0,0.14,0.08,0.0,0.27,0.0
0.0,0.0,0.0,0.0,0.01,0.0,0.0,0.02,0.32,0.0,0.0,0.0,0.0,0.0,0.03,0.0,0.63,0.0,0.0,0.0,0.0
0.0,0.0,0.0,0.0,0.0,0.0,0.0,0.23,0.57,0.0,0.0,0.0,0.0,0.0,0.0,0.0,0.0,0.2,0.0,0.0,0.0
0.0,0.0,0.0,0.0,0.0,0.0,0.0,0.0,1.0,0.0,0.0,0.0,0.0,0.0,0.0,0.0,0.0,0.0,0.0,0.0,0.0
0.0,0.0,0.0,0.0,0.0,0.0,0.0,0.0,0.36,0.0,0.0,0.0,0.0,0.0,0.0,0.0,0.64,0.0,0.0,0.05,0.0
0.0,0.0,0.0,0.0,0.0,0.0,0.0,0.0,0.38,0.0,0.0,0.0,0.0,0.0,0.0,0.0,0.62,0.0,0.0,0.0,0.0
0.0,0.0,0.0,0.0,0.58,0.0,0.02,0.0,0.4,0.0,0.0,0.0,0.0,0.0,0.0,0.0,0.0,0.0,0.0,0.0,0.0
0.0,0.0,0.0,0.0,0.79,0.0,0.0,0.0,0.02,0.0,0.0,0.0,0.0,0.04,0.0,0.0,0.19,0.0,0.0,0.0,0.0
0.0,0.0,0.0,0.0,0.26,0.0,0.0,0.37,0.19,0.0,0.0,0.0,0.0,0.04,0.0,0.0,0.17,0.07,0.0,0.0,0.0
0.0,0.0,0.0,0.0,0.04,0.0,0.03,0.81,0.07,0.0,0.0,0.0,0.0,0.0,0.0,0.0,0.07,0.18,0.0,0.0,0.0
0.0,0.0,0.0,0.0,0.03,0.0,0.0,0.38,0.5,0.0,0.0,0.0,0.0,0.0,0.0,0.0,0.12,0.02,0.0,0.0,0.0
0.0,0.0,0.05,0.0,0.1,0.0,0.05,0.0,0.55,0.0,0.0,0.0,0.0,0.12,0.0,0.0,0.17,0.0,0.0,0.0,0.0
0.0,0.0,0.3,0.0,0.02,0.0,0.0,0.0,0.0,0.0,0.0,0.0,0.0,0.02,0.0,0.0,0.0,0.0,0.0,0.66,0.0
0.0,0.0,0.09,0.0,0.23,0.0,0.03,0.0,0.03,0.0,0.0,0.0,0.0,0.0,0.06,0.12,0.18,0.0,0.0,0.34,0.0
0.0,0.0,0.0,0.0,0.95,0.0,0.0,0.0,0.0,0.0,0.0,0.0,0.0,0.0,0.04,0.0,1.0,0.0,0.0,0.0,0.0
0.0,0.0,0.0,0.0,0.17,0.0,0.0,0.0,0.0,0.0,0.0,0.0,0.0,0.0,0.7,0.0,1.0,0.0,0.0,0.0,0.13
0.0,0.0,0.02,0.0,0.0,0.0,0.0,0.0,0.0,0.0,0.0,0.0,0.0,0.0,1.0,0.0,1.0,0.0,0.0,0.0,0.03
0.0,0.0,0.0,0.0,0.0,0.0,0.0,0.4,0.08,0.0,0.0,0.0,0.0,0.0,0.04,0.0,0.38,0.14,0.0,0.0,0.1
0.0,0.0,0.0,0.0,0.0,0.0,0.0,1.0,0.0,0.0,0.0,0.0,0.0,0.0,0.0,0.0,0.0,0.07,0.0,0.0,0.0
0.0,0.0,0.1,0.0,0.0,0.0,0.0,0.59,0.0,0.0,0.0,0.0,0.0,0.0,0.0,0.0,0.0,0.0,0.0,0.0,0.0
0.0,0.0,0.03,0.0,0.0,0.0,0.0,0.0,0.0,0.0,0.0,0.0,0.0,0.0,0.0,0.0,0.0,0.0,0.0,0.0,0.0
0.0,0.0,0.0,0.0,0.0,0.0,0.0,0.0,0.0,0.0,0.0,0.0,0.0,0.0,0.0,0.0,0.0,0.0,0.0,0.0,0.0
0.0,0.0,0.0,0.0,0.0,0.0,0.0,0.0,0.0,0.0,0.0,0.0,0.0,0.0,0.0,0.0,0.0,0.0,0.0,0.0,0.0
0.0,0.0,0.0,0.0,0.0,0.07,0.12,0.51,0.0,0.0,0.0,0.0,0.0,0.0,0.0,0.0,0.0,0.0,0.0,0.0,0.11
0.0,0.0,0.0,0.0,0.0,0.06,0.57,0.34,0.0,0.02,0.0,0.0,0.0,0.03,0.0,0.0,0.0,0.02,0.0,0.0,0.0
0.0,0.0,0.0,0.0,0.0,0.28,1.0,0.0,0.0,0.06,0.0,0.0,0.0,0.02,0.0,0.0,0.0,0.0,0.0,0.0,0.1
0.0,0.0,0.0,0.0,0.0,0.01,0.71,0.0,0.0,0.03,0.0,0.25,0.0,0.07,0.04,0.0,0.0,0.0,0.0,0.0,0.02
0.0,0.0,0.0,0.0,0.0,0.0,0.17,0.0,0.0,0.9,0.0,0.02,0.0,0.0,0.0,0.0,0.0,0.0,0.0,0.0,0.0
0.0,0.0,0.0,0.0,0.17,0.0,0.0,0.01,0.04,0.17,0.0,0.57,0.0,0.0,0.0,0.0,0.0,0.06,0.0,0.0,0.0
0.0,0.0,0.0,0.0,0.03,0.0,0.0,0.87,0.02,0.0,0.0,0.07,0.0,0.0,0.0,0.0,0.0,0.0,0.0,0.0,0.0
0.0,0.0,0.0,0.0,0.0,0.0,0.0,1.0,0.0,0.0,0.0,0.0,0.0,0.0,0.16,0.0,0.0,0.06,0.0,0.0,0.0
0.0,0.0,0.0,0.0,0.0,0.0,0.03,0.89,0.0,0.0,0.0,0.0,0.0,0.0,0.0,0.0,0.0,0.0,0.0,0.08,0.0
0.0,0.0,0.0,0.0,0.06,0.0,0.26,0.37,0.0,0.0,0.0,0.0,0.0,0.0,0.0,0.0,0.0,0.0,0.0,0.18,0.01
0.0,0.0,0.0,0.0,0.08,0.0,0.79,0.0,0.03,0.0,0.0,0.0,0.0,0.0,0.0,0.0,0.0,0.0,0.0,0.0,0.34
0.0,0.0,0.0,0.0,0.36,0.07,0.06,0.0,0.29,0.0,0.0,0.0,0.0,0.0,0.06,0.0,0.14,0.0,0.0,0.0,0.02
0.0,0.0,0.0,0.0,0.0,0.02,0.0,0.25,0.0,0.0,0.0,0.0,0.0,0.31,0.11,0.0,0.21,0.0,0.0,0.02,0.08
0.0,0.0,0.0,0.0,0.29,0.0,0.02,0.05,0.24,0.0,0.0,0.0,0.0,0.17,0.0,0.0,0.0,0.0,0.0,0.0,0.0
0.0,0.0,0.0,0.0,0.24,0.04,0.06,0.18,0.23,0.0,0.0,0.0,0.0,0.0,0.0,0.0,0.0,0.0,0.0,0.0,0.0
0.0,0.0,0.0,0.0,0.17,0.0,0.0,0.61,0.16,0.0,0.0,0.0,0.0,0.0,0.0,0.0,0.06,0.0,0.0,0.0,0.0
0.0,0.0,0.0,0.0,0.3,0.0,0.0,0.66,0.0,0.0,0.0,0.0,0.0,0.0,0.04,0.0,0.0,0.0,0.0,0.0,0.0
0.0,0.0,0.0,0.0,0.0,0.0,0.0,0.81,0.0,0.0,0.0,0.0,0.0,0.0,0.0,0.0,0.0,0.21,0.0,0.0,0.0
0.0,0.0,0.0,0.0,0.0,0.0,0.0,0.99,0.0,0.0,0.0,0.0,0.0,0.0,0.01,0.0,0.0,0.0,0.0,0.0,0.0
0.0,0.0,0.0,0.0,0.26,0.0,0.0,0.69,0.0,0.0,0.0,0.0,0.0,0.0,0.01,0.0,0.04,0.0,0.0,0.0,0.0
0.0,0.0,0.0,0.0,0.2,0.0,0.0,0.73,0.0,0.0,0.0,0.0,0.0,0.0,0.19,0.0,0.0,0.0,0.0,0.0,0.0
0.0,0.0,0.0,0.0,0.01,0.0,0.0,1.0,0.0,0.0,0.0,0.0,0.0,0.0,0.0,0.0,0.0,0.0,0.0,0.0,0.0
0.0,0.0,0.0,0.0,0.04,0.0,0.04,0.93,0.01,0.0,0.0,0.0,0.0,0.0,0.05,0.0,0.01,0.07,0.0,0.0,0.0
0.0,0.0,0.0,0.0,0.03,0.0,0.01,0.32,0.0,0.0,0.0,0.0,0.0,0.0,0.0,0.0,0.19,0.13,0.0,0.32,0.0
0.0,0.0,0.0,0.0,0.0,0.0,0.0,0.55,0.0,0.0,0.0,0.0,0.0,0.0,0.03,0.0,0.03,0.14,0.0,0.27,0.01
0.0,0.0,0.0,0.0,0.0,0.0,0.0,0.0,0.03,0.0,0.0,0.0,0.0,0.0,0.0,0.0,0.06,0.05,0.0,0.86,0.0
0.0,0.0,0.0,0.0,0.0,0.0,0.08,0.0,0.0,0.0,0.0,0.0,0.0,0.0,0.0,0.0,0.08,0.0,0.0,0.84,0.0
0.0,0.0,0.0,0.0,0.71,0.0,0.0,0.0,0.0,0.0,0.0,0.0,0.0,0.0,0.0,0.0,0.0,0.16,0.0,0.13,0.0
0.0,0.0,0.0,0.0,0.59,0.0,0.0,0.0,0.27,0.0,0.0,0.0,0.0,0.0,0.0,0.0,0.14,0.0,0.0,0.0,0.0
0.0,0.0,0.0,0.0,0.03,0.0,0.0,0.23,0.73,0.0,0.0,0.0,0.0,0.0,0.0,0.0,0.0,0.01,0.0,0.0,0.0
0.0,0.0,0.0,0.0,0.0,0.0,0.0,0.02,0.98,0.0,0.0,0.0,0.0,0.0,0.0,0.0,0.0,0.0,0.0,0.0,0.0
0.0,0.0,0.0,0.0,0.0,0.0,0.01,0.0,0.09,0.0,0.0,0.0,0.0,0.0,0.0,0.0,0.91,0.0,0.0,0.0,0.0
0.0,0.0,0.0,0.0,0.0,0.0,0.03,0.0,0.28,0.0,0.0,0.0,0.0,0.0,0.0,0.0,0.7,0.0,0.02,0.0,0.0
0.0,0.0,0.0,0.0,0.01,0.0,0.05,0.0,0.65,0.0,0.0,0.0,0.0,0.0,0.0,0.0,0.04,0.0,0.25,0.0,0.0
0.0,0.0,0.0,0.0,0.21,0.0,0.0,0.01,0.59,0.0,0.0,0.0,0.0,0.0,0.0,0.0,0.23,0.03,0.15,0.0,0.0
0.0,0.0,0.0,0.0,0.08,0.0,0.0,0.75,0.16,0.0,0.0,0.0,0.0,0.0,0.0,0.0,0.03,0.0,0.0,0.0,0.0
0.0,0.0,0.0,0.0,0.17,0.0,0.02,0.99,0.0,0.0,0.0,0.0,0.0,0.0,0.0,0.0,0.0,0.18,0.0,0.0,0.0
0.0,0.0,0.0,0.0,0.03,0.0,0.0,0.95,0.05,0.0,0.0,0.0,0.0,0.0,0.0,0.0,0.0,0.01,0.0,0.0,0.0
0.0,0.0,0.0,0.0,0.07,0.0,0.0,0.19,0.48,0.0,0.0,0.0,0.0,0.0,0.09,0.0,0.02,0.2,0.0,0.0,0.0
0.0,0.0,0.23,0.0,0.0,0.0,0.01,0.03,0.02,0.0,0.0,0.0,0.0,0.17,0.0,0.0,0.07,0.16,0.0,0.25,0.05
0.0,0.0,0.25,0.0,0.09,0.0,0.0,0.0,0.04,0.0,0.0,0.0,0.0,0.0,0.0,0.0,0.0,0.0,0.0,0.58,0.04
0.0,0.0,0.01,0.0,0.91,0.0,0.0,0.0,0.03,0.0,0.0,0.0,0.0,0.0,0.0,0.0,0.66,0.0,0.0,0.0,0.0
0.0,0.0,0.0,0.0,0.73,0.0,0.0,0.0,0.0,0.0,0.0,0.0,0.0,0.0,0.11,0.0,1.0,0.0,0.0,0.0,0.16
0.0,0.0,0.0,0.0,0.17,0.0,0.0,0.0,0.0,0.0,0.0,0.0,0.0,0.01,0.79,0.0,1.0,0.0,0.0,0.03,0.0
0.0,0.0,0.0,0.0,0.0,0.0,0.07,0.23,0.02,0.0,0.0,0.0,0.0,0.0,0.3,0.0,0.73,0.05,0.0,0.0,0.0
0.0,0.0,0.0,0.0,0.0,0.0,0.0,1.0,0.0,0.0,0.0,0.0,0.0,0.0,0.02,0.0,0.0,0.0,0.0,0.0,0.0
0.0,0.0,0.09,0.0,0.0,0.0,0.0,0.31,0.0,0.0,0.0,0.0,0.0,0.0,0.0,0.0,0.0,0.0,0.0,0.0,0.0
0.0,0.0,0.0,0.0,0.0,0.0,0.0,0.0,0.0,0.0,0.0,0.0,0.0,0.0,0.0,0.0,0.0,0.0,0.0,0.0,0.0
0.0,0.0,0.0,0.0,0.0,0.0,0.0,0.0,0.0,0.0,0.0,0.0,0.0,0.0,0.0,0.0,0.0,0.0,0.0,0.0,0.0
0.0,0.0,0.0,0.0,0.0,0.0,0.0,0.0,0.0,0.0,0.0,0.0,0.0,0.0,0.0,0.0,0.0,0.0,0.0,0.0,0.0
0.0,0.0,0.0,0.0,0.0,0.46,0.41,0.0,0.0,0.0,0.0,0.0,0.0,0.0,0.0,0.0,0.0,0.0,0.0,0.0,0.05
0.0,0.0,0.0,0.0,0.0,0.4,0.45,0.0,0.0,0.18,0.0,0.0,0.0,0.0,0.0,0.0,0.0,0.0,0.0,0.0,0.02
0.0,0.0,0.0,0.0,0.0,0.14,1.0,0.0,0.0,0.03,0.0,0.0,0.0,0.0,0.14,0.0,0.0,0.0,0.0,0.0,0.0
0.0,0.0,0.0,0.0,0.0,0.13,0.82,0.0,0.0,0.04,0.0,0.0,0.0,0.02,0.01,0.0,0.0,0.03,0.0,0.0,0.12
0.0,0.0,0.0,0.0,0.0,0.0,0.29,0.0,0.0,0.66,0.0,0.02,0.0,0.0,0.0,0.0,0.0,0.0,0.0,0.0,0.03
0.0,0.0,0.0,0.0,0.0,0.0,0.2,0.03,0.0,0.0,0.0,0.77,0.0,0.0,0.0,0.0,0.0,0.0,0.0,0.0,0.0
0.0,0.0,0.0,0.0,0.0,0.0,0.07,0.49,0.0,0.0,0.0,0.44,0.0,0.0,0.0,0.0,0.0,0.0,0.0,0.0,0.0
0.0,0.0,0.0,0.0,0.0,0.0,0.0,1.0,0.0,0.0,0.0,0.0,0.0,0.0,0.0,0.0,0.0,0.03,0.0,0.0,0.0
0.0,0.0,0.0,0.0,0.0,0.0,0.0,0.92,0.0,0.0,0.0,0.0,0.0,0.0,0.0,0.0,0.0,0.0,0.0,0.08,0.0
0.0,0.0,0.0,0.0,0.0,0.0,0.24,0.21,0.0,0.0,0.0,0.0,0.0,0.0,0.0,0.0,0.31,0.0,0.0,0.36,0.04
0.0,0.0,0.0,0.0,0.06,0.0,0.39,0.16,0.0,0.0,0.0,0.0,0.0,0.0,0.0,0.0,0.37,0.0,0.0,0.0,0.0
0.0,0.0,0.0,0.0,0.0,0.0,0.53,0.33,0.0,0.0,0.0,0.0,0.0,0.0,0.08,0.0,0.04,0.0,0.0,0.0,0.02
0.0,0.0,0.0,0.0,0.0,0.0,0.0,0.01,0.0,0.0,0.0,0.0,0.0,0.0,0.26,0.0,0.0,0.0,0.0,0.0,0.0
0.0,0.0,0.0,0.0,0.17,0.0,0.0,0.01,0.0,0.0,0.0,0.0,0.0,0.1,0.0,0.0,0.0,0.13,0.0,0.01,0.0
0.0,0.0,0.0,0.0,0.11,0.0,0.0,0.17,0.0,0.0,0.0,0.0,0.0,0.0,0.0,0.0,0.0,0.22,0.0,0.03,0.0
0.0,0.0,0.0,0.0,0.01,0.0,0.0,0.88,0.06,0.0,0.0,0.0,0.0,0.0,0.05,0.0,0.0,0.06,0.0,0.0,0.0
0.0,0.0,0.0,0.0,0.0,0.0,0.0,0.69,0.0,0.0,0.0,0.0,0.0,0.0,0.02,0.0,0.0,0.29,0.0,0.0,0.0
0.0,0.0,0.0,0.0,0.03,0.0,0.0,0.81,0.0,0.0,0.0,0.0,0.0,0.0,0.16,0.0,0.0,0.0,0.0,0.0,0.0
0.0,0.0,0.0,0.0,0.13,0.0,0.0,0.68,0.0,0.0,0.0,0.0,0.0,0.0,0.19,0.0,0.0,0.0,0.0,0.0,0.0
0.0,0.0,0.0,0.0,0.2,0.0,0.0,0.74,0.0,0.0,0.0,0.0,0.0,0.0,0.23,0.0,0.06,0.0,0.0,0.0,0.0
0.0,0.0,0.0,0.0,0.07,0.0,0.0,0.97,0.03,0.0,0.0,0.0,0.0,0.0,0.13,0.0,0.0,0.0,0.0,0.0,0.0
0.0,0.0,0.0,0.0,0.0,0.0,0.0,0.39,0.28,0.0,0.0,0.0,0.0,0.0,0.17,0.0,0.03,0.13,0.0,0.0,0.0
0.0,0.0,0.0,0.0,0.0,0.0,0.04,0.0,0.28,0.0,0.0,0.0,0.0,0.0,0.0,0.0,0.55,0.0,0.0,0.13,0.0
0.0,0.0,0.0,0.0,0.0,0.0,0.0,0.0,0.0,0.0,0.0,0.0,0.0,0.09,0.0,0.0,0.01,0.16,0.0,0.74,0.0
0.0,0.0,0.0,0.0,0.0,0.0,0.0,0.0,0.0,0.0,0.0,0.0,0.0,0.04,0.0,0.0,0.0,0.24,0.0,0.72,0.03
0.0,0.0,0.0,0.0,0.21,0.0,0.0,0.0,0.08,0.0,0.11,0.0,0.0,0.06,0.0,0.0,0.17,0.0,0.0,0.37,0.0
0.0,0.0,0.0,0.0,0.0,0.0,0.08,0.0,0.0,0.0,0.02,0.0,0.0,0.0,0.0,0.0,0.71,0.0,0.0,0.19,0.0
0.0,0.0,0.0,0.0,0.17,0.0,0.03,0.0,0.0,0.0,0.0,0.0,0.0,0.26,0.0,0.0,0.01,0.16,0.0,0.34,0.08
0.0,0.0,0.0,0.0,0.46,0.0,0.0,0.0,0.0,0.0,0.0,0.0,0.0,0.22,0.0,0.0,0.19,0.0,0.0,0.0,0.06
0.0,0.0,0.0,0.0,0.03,0.0,0.0,0.04,0.33,0.0,0.0,0.0,0.0,0.14,0.0,0.0,0.46,0.0,0.0,0.0,0.02
0.0,0.0,0.0,0.0,0.0,0.0,0.0,0.22,0.5,0.0,0.0,0.0,0.0,0.0,0.0,0.0,0.28,0.0,0.0,0.0,0.0
0.0,0.0,0.0,0.0,0.03,0.0,0.01,0.0,0.7,0.0,0.0,0.0,0.0,0.0,0.0,0.0,0.27,0.0,0.0,0.0,0.0
0.0,0.0,0.0,0.0,0.16,0.0,0.0,0.0,0.74,0.0,0.0,0.0,0.0,0.0,0.0,0.0,0.1,0.0,0.0,0.0,0.0
0.0,0.0,0.0,0.0,0.11,0.0,0.0,0.0,0.85,0.0,0.0,0.0,0.0,0.0,0.0,0.0,0.0,0.0,0.04,0.0,0.0
0.0,0.0,0.0,0.0,0.07,0.0,0.0,0.09,0.12,0.0,0.0,0.0,0.0,0.0,0.36,0.0,0.12,0.17,0.07,0.0,0.0
0.0,0.0,0.0,0.0,0.02,0.0,0.0,0.92,0.0,0.0,0.0,0.0,0.0,0.0,0.03,0.0,0.01,0.03,0.0,0.0,0.0
0.0,0.0,0.0,0.0,0.0,0.0,0.14,0.11,0.0,0.0,0.0,0.0,0.0,0.0,0.0,0.0,0.0,0.49,0.0,0.0,0.0
0.0,0.0,0.0,0.0,0.13,0.0,0.1,0.13,0.06,0.0,0.0,0.0,0.0,0.0,0.0,0.0,0.0,0.26,0.0,0.0,0.0
0.0,0.0,0.0,0.0,0.24,0.0,0.0,0.16,0.11,0.0,0.0,0.0,0.0,0.01,0.0,0.0,0.0,0.05,0.0,0.0,0.0
0.0,0.0,0.01,0.0,0.03,0.0,0.02,0.84,0.02,0.0,0.0,0.0,0.0,0.0,0.0,0.0,0.0,0.01,0.0,0.0,0.02
0.0,0.0,0.16,0.0,0.0,0.0,0.03,0.03,0.36,0.0,0.0,0.0,0.0,0.0,0.03,0.0,0.05,0.0,0.0,0.15,0.06
0.0,0.0,0.1,0.0,0.48,0.0,0.02,0.0,0.2,0.0,0.0,0.0,0.0,0.0,0.0,0.0,0.23,0.0,0.0,0.14,0.02
0.0,0.0,0.0,0.0,0.44,0.0,0.04,0.05,0.3,0.0,0.0,0.0,0.0,0.0,0.0,0.0,1.0,0.0,0.0,0.0,0.12
0.0,0.0,0.01,0.0,0.07,0.0,0.13,0.04,0.05,0.0,0.0,0.0,0.0,0.1,0.01,0.0,1.0,0.0,0.0,0.0,0.07
0.0,0.0,0.0,0.0,0.1,0.0,0.05,0.48,0.08,0.0,0.0,0.0,0.0,0.07,0.03,0.03,0.75,0.07,0.0,0.05,0.02
0.0,0.0,0.05,0.0,0.12,0.0,0.0,0.82,0.0,0.0,0.0,0.0,0.0,0.01,0.0,0.0,0.0,0.02,0.0,0.0,0.0
0.0,0.0,0.41,0.0,0.02,0.0,0.0,0.21,0.0,0.0,0.0,0.0,0.0,0.0,0.0,0.0,0.0,0.0,0.0,0.0,0.0
0.0,0.0,0.09,0.0,0.0,0.0,0.0,0.0,0.0,0.0,0.0,0.0,0.0,0.0,0.0,0.0,0.0,0.0,0.0,0.0,0.0
0.0,0.0,0.0,0.0,0.0,0.0,0.0,0.0,0.0,0.0,0.0,0.0,0.0,0.0,0.0,0.0,0.0,0.0,0.0,0.0,0.0
0.0,0.0,0.0,0.0,0.0,0.0,0.0,0.0,0.0,0.0,0.0,0.0,0.0,0.0,0.0,0.0,0.0,0.0,0.0,0.0,0.0
0.0,0.0,0.0,0.0,0.0,0.22,0.36,0.07,0.0,0.0,0.0,0.0,0.0,0.0,0.0,0.0,0.0,0.0,0.08,0.0,0.21
0.0,0.0,0.0,0.0,0.0,0.04,0.44,0.11,0.0,0.18,0.0,0.26,0.0,0.0,0.0,0.0,0.0,0.0,0.0,0.0,0.01
0.0,0.0,0.0,0.0,0.0,0.0,1.0,0.0,0.0,0.0,0.0,0.11,0.0,0.0,0.0,0.0,0.0,0.0,0.0,0.0,0.05
0.0,0.0,0.0,0.0,0.0,0.0,0.97,0.0,0.0,0.04,0.0,0.0,0.0,0.14,0.03,0.0,0.0,0.03,0.0,0.04,0.02
0.0,0.0,0.0,0.0,0.0,0.0,0.26,0.0,0.0,0.16,0.0,0.6,0.0,0.01,0.04,0.0,0.0,0.0,0.0,0.0,0.03
0.0,0.0,0.0,0.0,0.0,0.0,0.09,0.0,0.0,0.24,0.0,0.67,0.0,0.0,0.0,0.0,0.0,0.0,0.0,0.0,0.0
0.0,0.0,0.0,0.0,0.0,0.0,0.03,0.53,0.0,0.02,0.0,0.2,0.0,0.0,0.0,0.0,0.0,0.0,0.0,0.0,0.0
0.0,0.0,0.0,0.0,0.13,0.0,0.0,1.0,0.0,0.0,0.0,0.0,0.0,0.0,0.0,0.0,0.0,0.02,0.0,0.0,0.0
0.0,0.0,0.0,0.0,0.0,0.0,0.0,0.92,0.0,0.0,0.0,0.0,0.0,0.0,0.0,0.0,0.08,0.0,0.0,0.0,0.0
0.0,0.0,0.0,0.0,0.02,0.0,0.0,0.41,0.0,0.0,0.0,0.0,0.0,0.0,0.0,0.0,0.33,0.0,0.0,0.24,0.0
0.0,0.0,0.0,0.0,0.02,0.0,0.0,0.88,0.0,0.0,0.0,0.0,0.0,0.0,0.0,0.0,0.0,0.0,0.0,0.0,0.0
0.0,0.0,0.0,0.0,0.0,0.0,0.0,1.0,0.0,0.0,0.0,0.0,0.0,0.0,0.0,0.0,0.0,0.06,0.0,0.0,0.0
0.0,0.0,0.0,0.0,0.05,0.0,0.0,0.95,0.0,0.0,0.0,0.0,0.0,0.0,0.02,0.0,0.0,0.07,0.0,0.0,0.0
0.0,0.0,0.0,0.0,0.09,0.0,0.0,0.1,0.0,0.0,0.0,0.0,0.0,0.0,0.0,0.0,0.0,0.06,0.0,0.0,0.0
0.0,0.0,0.0,0.03,0.04,0.0,0.0,0.21,0.0,0.0,0.0,0.0,0.0,0.0,0.0,0.0,0.0,0.32,0.0,0.02,0.0
0.0,0.0,0.0,0.0,0.14,0.0,0.0,0.73,0.0,0.0,0.0,0.0,0.0,0.0,0.13,0.0,0.0,0.0,0.0,0.0,0.0
0.0,0.0,0.0,0.0,0.0,0.0,0.0,0.9,0.0,0.0,0.0,0.0,0.0,0.0,0.0,0.0,0.0,0.1,0.0,0.0,0.0
0.0,0.0,0.0,0.0,0.0,0.0,0.0,0.11,0.0,0.0,0.0,0.0,0.0,0.0,0.43,0.0,0.0,0.46,0.0,0.0,0.0
0.0,0.0,0.0,0.0,0.27,0.0,0.0,0.59,0.0,0.0,0.0,0.0,0.0,0.0,0.03,0.0,0.04,0.07,0.0,0.0,0.0
0.0,0.0,0.0,0.0,0.06,0.0,0.0,0.97,0.0,0.0,0.0,0.0,0.0,0.0,0.02,0.0,0.0,0.08,0.0,0.0,0.0
0.0,0.0,0.0,0.0,0.0,0.0,0.0,1.0,0.0,0.0,0.0,0.0,0.0,0.0,0.01,0.0,0.0,0.04,0.0,0.0,0.0
0.0,0.0,0.0,0.0,0.0,0.0,0.0,0.11,0.88,0.0,0.0,0.0,0.0,0.0,0.0,0.0,0.01,0.0,0.0,0.0,0.0
0.0,0.0,0.0,0.0,0.0,0.0,0.0,0.0,0.18,0.0,0.0,0.0,0.0,0.09,0.0,0.0,0.32,0.0,0.0,0.35,0.06
0.0,0.0,0.0,0.0,0.0,0.0,0.0,0.0,0.15,0.0,0.0,0.0,0.0,0.45,0.0,0.0,0.07,0.21,0.0,0.09,0.03
0.0,0.0,0.0,0.0,0.08,0.0,0.0,0.0,0.1,0.0,0.0,0.0,0.0,0.15,0.0,0.0,0.12,0.46,0.0,0.06,0.05
0.0,0.0,0.0,0.0,0.04,0.0,0.0,0.0,0.11,0.0,0.0,0.0,0.0,0.2,0.0,0.24,0.22,0.15,0.0,0.02,0.02
0.0,0.0,0.0,0.0,0.1,0.0,0.0,0.06,0.11,0.0,0.0,0.0,0.0,0.0,0.0,0.0,0.73,0.0,0.0,0.0,0.0
0.0,0.0,0.0,0.0,0.17,0.0,0.0,0.0,0.2,0.0,0.0,0.0,0.0,0.06,0.09,0.0,0.15,0.0,0.0,0.28,0.0
0.0,0.0,0.0,0.0,0.0,0.0,0.0,0.26,0.45,0.0,0.0,0.0,0.0,0.04,0.08,0.0,0.16,0.0,0.0,0.0,0.0
0.0,0.0,0.0,0.0,0.22,0.0,0.0,0.75,0.0,0.0,0.0,0.0,0.0,0.02,0.0,0.0,0.06,0.0,0.0,0.0,0.0
0.0,0.0,0.0,0.0,0.11,0.0,0.0,0.08,0.0,0.0,0.0,0.0,0.0,0.0,0.0,0.0,0.1,0.12,0.0,0.0,0.0
0.0,0.0,0.0,0.0,0.43,0.0,0.0,0.03,0.03,0.0,0.0,0.0,0.0,0.0,0.25,0.0,0.0,0.0,0.0,0.0,0.0
0.0,0.0,0.0,0.0,0.7,0.0,0.0,0.4,0.0,0.0,0.0,0.0,0.0,0.0,0.0,0.0,0.0,0.0,0.0,0.0,0.0
0.0,0.0,0.0,0.0,0.18,0.0,0.0,0.66,0.0,0.0,0.0,0.0,0.0,0.0,0.16,0.0,0.0,0.0,0.0,0.0,0.0
0.0,0.0,0.0,0.0,0.07,0.0,0.0,0.9,0.06,0.0,0.0,0.0,0.0,0.0,0.01,0.0,0.0,0.0,0.0,0.0,0.0
0.0,0.0,0.0,0.0,0.13,0.0,0.0,0.09,0.12,0.0,0.0,0.0,0.0,0.0,0.0,0.0,0.28,0.0,0.0,0.0,0.0
0.0,0.0,0.0,0.0,0.12,0.0,0.0,0.39,0.0,0.0,0.0,0.0,0.0,0.0,0.0,0.0,0.29,0.0,0.0,0.0,0.0
0.0,0.0,0.0,0.0,0.6,0.0,0.03,0.02,0.0,0.0,0.0,0.0,0.0,0.02,0.0,0.0,0.01,0.07,0.0,0.0,0.01
0.0,0.0,0.02,0.0,0.43,0.0,0.03,0.0,0.0,0.0,0.0,0.0,0.0,0.29,0.0,0.0,0.0,0.05,0.0,0.02,0.2
0.0,0.0,0.07,0.0,0.2,0.0,0.12,0.02,0.0,0.0,0.0,0.0,0.0,0.15,0.0,0.0,0.11,0.0,0.0,0.0,0.12
0.0,0.0,0.06,0.0,0.17,0.0,0.04,0.34,0.0,0.0,0.0,0.0,0.0,0.0,0.0,0.0,0.07,0.0,0.0,0.0,0.05
0.0,0.0,0.0,0.0,0.03,0.0,0.08,0.04,0.45,0.0,0.0,0.0,0.0,0.0,0.0,0.0,0.24,0.0,0.0,0.0,0.0
0.0,0.0,0.0,0.0,0.03,0.0,0.09,0.26,0.15,0.0,0.0,0.0,0.0,0.0,0.0,0.0,0.89,0.0,0.0,0.0,0.0
0.0,0.0,0.0,0.0,0.0,0.0,0.08,0.3,0.0,0.0,0.0,0.0,0.0,0.0,0.0,0.0,1.0,0.0,0.0,0.0,0.0
0.0,0.0,0.08,0.0,0.2,0.0,0.0,0.16,0.0,0.0,0.0,0.0,0.0,0.0,0.06,0.03,0.69,0.15,0.0,0.0,0.01
0.0,0.0,0.61,0.0,0.02,0.0,0.0,0.0,0.0,0.0,0.0,0.0,0.0,0.0,0.03,0.0,0.0,0.02,0.0,0.0,0.0
0.0,0.0,0.09,0.0,0.0,0.0,0.0,0.0,0.0,0.0,0.0,0.0,0.0,0.0,0.0,0.0,0.0,0.0,0.0,0.0,0.0
0.0,0.0,0.02,0.0,0.0,0.0,0.0,0.0,0.0,0.0,0.0,0.0,0.0,0.0,0.0,0.0,0.0,0.0,0.0,0.0,0.0
0.0,0.0,0.0,0.0,0.0,0.0,0.0,0.0,0.0,0.0,0.0,0.0,0.0,0.0,0.0,0.0,0.0,0.0,0.0,0.0,0.0
0.0,0.0,0.0,0.0,0.0,0.0,0.0,0.0,0.0,0.0,0.0,0.0,0.0,0.0,0.0,0.0,0.0,0.0,0.0,0.0,0.0
0.0,0.01,0.0,0.0,0.0,0.0,0.19,0.77,0.0,0.0,0.0,0.0,0.0,0.0,0.0,0.0,0.0,0.0,0.06,0.0,0.03
0.0,0.0,0.0,0.0,0.0,0.0,0.56,0.16,0.0,0.01,0.0,0.2,0.0,0.0,0.0,0.0,0.0,0.0,0.0,0.0,0.0
0.0,0.0,0.0,0.0,0.0,0.0,0.75,0.05,0.0,0.01,0.0,0.3,0.0,0.0,0.0,0.0,0.0,0.0,0.0,0.0,0.0
0.0,0.0,0.0,0.0,0.0,0.0,0.37,0.0,0.0,0.06,0.0,0.35,0.0,0.0,0.18,0.0,0.0,0.1,0.0,0.0,0.0
0.0,0.0,0.0,0.0,0.0,0.0,0.06,0.0,0.0,0.1,0.0,0.22,0.0,0.0,0.29,0.0,0.0,0.33,0.0,0.0,0.0
0.0,0.0,0.0,0.0,0.0,0.0,0.16,0.0,0.0,0.69,0.0,0.15,0.0,0.0,0.0,0.0,0.0,0.0,0.0,0.0,0.0
0.0,0.0,0.0,0.0,0.0,0.0,0.05,0.36,0.0,0.29,0.0,0.28,0.0,0.0,0.0,0.0,0.02,0.0,0.0,0.0,0.0
0.0,0.0,0.0,0.0,0.01,0.0,0.02,0.77,0.0,0.0,0.0,0.0,0.0,0.0,0.0,0.0,0.21,0.0,0.0,0.0,0.0
0.0,0.0,0.0,0.0,0.0,0.0,0.07,0.42,0.0,0.0,0.0,0.0,0.0,0.0,0.0,0.0,0.21,0.0,0.0,0.3,0.0
0.0,0.0,0.0,0.0,0.0,0.0,0.0,0.08,0.0,0.0,0.0,0.02,0.0,0.0,0.05,0.0,0.0,0.0,0.0,0.82,0.03
0.0,0.0,0.0,0.0,0.0,0.0,0.0,0.66,0.0,0.0,0.0,0.2,0.0,0.0,0.0,0.0,0.0,0.0,0.0,0.13,0.0
0.0,0.0,0.0,0.0,0.0,0.0,0.0,0.25,0.0,0.0,0.0,0.0,0.0,0.0,0.0,0.0,0.0,0.0,0.0,0.24,0.0
0.0,0.0,0.0,0.0,0.28,0.0,0.0,0.72,0.0,0.0,0.0,0.0,0.0,0.0,0.0,0.0,0.0,0.04,0.0,0.0,0.0
0.0,0.0,0.0,0.16,0.0,0.0,0.0,0.02,0.0,0.0,0.0,0.0,0.0,0.0,0.0,0.0,0.0,0.0,0.0,0.0,0.0
0.0,0.0,0.0,0.36,0.01,0.0,0.04,0.13,0.0,0.0,0.0,0.0,0.0,0.0,0.0,0.0,0.0,0.42,0.0,0.04,0.0
0.0,0.0,0.0,0.0,0.0,0.0,0.0,0.96,0.0,0.0,0.0,0.0,0.0,0.0,0.0,0.0,0.0,0.08,0.0,0.0,0.0
0.0,0.0,0.0,0.0,0.0,0.0,0.0,0.86,0.0,0.0,0.0,0.0,0.0,0.0,0.06,0.0,0.0,0.17,0.0,0.0,0.0
0.0,0.0,0.0,0.0,0.0,0.0,0.0,0.0,0.0,0.0,0.0,0.0,0.0,0.0,0.0,0.0,0.0,1.0,0.0,0.0,0.0
0.0,0.0,0.0,0.0,0.14,0.0,0.0,0.11,0.0,0.0,0.0,0.0,0.0,0.0,0.46,0.0,0.05,0.24,0.0,0.0,0.0
0.0,0.0,0.0,0.0,0.0,0.0,0.0,0.86,0.0,0.0,0.0,0.0,0.0,0.0,0.14,0.0,0.0,0.01,0.0,0.0,0.0
0.0,0.0,0.0,0.0,0.14,0.0,0.0,0.88,0.0,0.0,0.0,0.0,0.0,0.0,0.0,0.0,0.0,0.0,0.0,0.0,0.0
0.0,0.0,0.0,0.0,0.26,0.0,0.0,0.05,0.32,0.0,0.0,0.0,0.0,0.0,0.0,0.0,0.32,0.0,0.0,0.05,0.0
0.0,0.0,0.0,0.0,0.21,0.0,0.01,0.0,0.0,0.0,0.0,0.0,0.0,0.01,0.08,0.0,0.09,0.34,0.0,0.25,0.01
0.0,0.0,0.0,0.0,0.56,0.0,0.0,0.0,0.39,0.0,0.0,0.0,0.0,0.0,0.0,0.0,0.04,0.01,0.0,0.0,0.0
0.0,0.0,0.0,0.0,0.27,0.0,0.0,0.0,0.29,0.0,0.0,0.0,0.0,0.0,0.0,0.0,0.0,0.0,0.0,0.0,0.41
0.0,0.0,0.0,0.0,0.66,0.0,0.0,0.25,0.0,0.0,0.0,0.0,0.0,0.0,0.0,0.0,0.09,0.0,0.0,0.0,0.0
0.0,0.0,0.0,0.0,0.58,0.0,0.0,0.34,0.0,0.0,0.0,0.0,0.0,0.0,0.0,0.0,0.08,0.0,0.0,0.0,0.0
0.0,0.0,0.0,0.0,0.47,0.0,0.03,0.0,0.28,0.0,0.0,0.0,0.0,0.0,0.06,0.0,0.0,0.0,0.0,0.14,0.02
0.0,0.0,0.0,0.0,0.0,0.0,0.0,0.0,1.0,0.0,0.0,0.0,0.0,0.0,0.0,0.0,0.16,0.0,0.0,0.0,0.0
0.0,0.0,0.0,0.0,0.09,0.0,0.0,0.02,0.41,0.0,0.0,0.0,0.0,0.0,0.0,0.0,0.0,0.0,0.0,0.0,0.0
0.0,0.0,0.0,0.0,0.22,0.0,0.0,0.54,0.0,0.0,0.0,0.0,0.0,0.0,0.09,0.0,0.0,0.16,0.0,0.0,0.0
0.0,0.0,0.0,0.0,0.38,0.0,0.0,0.04,0.0,0.0,0.0,0.0,0.0,0.0,0.0,0.0,0.0,0.01,0.0,0.0,0.0
0.0,0.0,0.0,0.0,0.08,0.0,0.0,1.0,0.0,0.0,0.0,0.0,0.0,0.0,0.0,0.0,0.0,0.0,0.0,0.0,0.0
0.0,0.0,0.0,0.0,0.04,0.0,0.0,1.0,0.0,0.0,0.0,0.0,0.0,0.0,0.0,0.0,0.0,0.0,0.0,0.0,0.0
0.0,0.0,0.0,0.0,0.0,0.0,0.0,0.87,0.0,0.0,0.0,0.0,0.0,0.0,0.02,0.0,0.0,0.13,0.0,0.0,0.0
0.0,0.0,0.0,0.0,0.0,0.0,0.0,1.0,0.0,0.0,0.0,0.0,0.0,0.0,0.11,0.0,0.0,0.07,0.0,0.0,0.0
0.0,0.0,0.0,0.0,0.05,0.0,0.0,0.04,0.01,0.0,0.0,0.0,0.0,0.0,0.0,0.0,0.02,0.0,0.0,0.0,0.0
0.0,0.0,0.0,0.0,0.12,0.0,0.0,0.1,0.0,0.0,0.0,0.0,0.0,0.0,0.0,0.0,0.71,0.0,0.0,0.0,0.07
0.0,0.0,0.0,0.0,0.16,0.0,0.0,0.29,0.0,0.0,0.0,0.0,0.0,0.0,0.0,0.0,0.11,0.0,0.0,0.0,0.07
0.0,0.0,0.0,0.0,0.19,0.0,0.0,0.09,0.0,0.0,0.0,0.0,0.0,0.0,0.0,0.0,0.0,0.0,0.0,0.0,0.0
0.0,0.0,0.0,0.0,0.01,0.0,0.0,0.16,0.0,0.0,0.0,0.0,0.0,0.0,0.0,0.0,0.0,0.18,0.0,0.0,0.0
0.0,0.0,0.0,0.01,0.03,0.0,0.03,0.4,0.01,0.0,0.0,0.0,0.0,0.0,0.07,0.0,0.0,0.04,0.0,0.0,0.0
0.0,0.0,0.0,0.0,0.06,0.0,0.15,0.3,0.0,0.0,0.0,0.0,0.0,0.0,0.0,0.0,0.74,0.0,0.0,0.0,0.0
0.0,0.0,0.0,0.0,0.11,0.0,0.0,0.86,0.0,0.0,0.0,0.0,0.0,0.0,0.0,0.0,1.0,0.03,0.0,0.0,0.0
0.0,0.0,0.2,0.0,0.29,0.0,0.0,0.1,0.0,0.0,0.0,0.0,0.0,0.0,0.02,0.0,0.62,0.0,0.0,0.0,0.0
0.0,0.0,0.28,0.0,0.0,0.0,0.0,0.0,0.0,0.0,0.0,0.0,0.0,0.0,0.0,0.0,0.0,0.0,0.0,0.0,0.0
0.0,0.0,0.0,0.0,0.0,0.0,0.0,0.0,0.0,0.0,0.0,0.0,0.0,0.0,0.0,0.0,0.0,0.0,0.0,0.0,0.0
0.0,0.0,0.0,0.0,0.0,0.0,0.0,0.0,0.0,0.0,0.0,0.0,0.0,0.0,0.0,0.0,0.0,0.0,0.0,0.0,0.0
0.0,0.0,0.0,0.0,0.0,0.0,0.0,0.0,0.0,0.0,0.0,0.0,0.0,0.0,0.0,0.0,0.0,0.0,0.0,0.0,0.0
0.0,0.0,0.0,0.0,0.0,0.0,0.0,0.0,0.0,0.0,0.0,0.0,0.0,0.0,0.0,0.0,0.0,0.0,0.0,0.0,0.0
0.0,0.46,0.0,0.0,0.0,0.0,0.17,0.37,0.0,0.0,0.0,0.0,0.0,0.0,0.0,0.0,0.0,0.0,0.0,0.0,0.0
0.0,0.09,0.0,0.0,0.0,0.0,0.27,0.44,0.0,0.01,0.0,0.06,0.0,0.0,0.0,0.0,0.0,0.0,0.0,0.0,0.14
0.0,0.0,0.0,0.0,0.0,0.0,0.01,0.73,0.0,0.0,0.0,0.27,0.0,0.0,0.0,0.0,0.0,0.0,0.0,0.0,0.0
0.0,0.0,0.0,0.0,0.0,0.0,0.0,0.0,0.0,0.0,0.0,1.0,0.0,0.0,0.0,0.0,0.0,0.0,0.0,0.0,0.0
0.0,0.0,0.0,0.0,0.0,0.0,0.13,0.0,0.0,0.0,0.0,0.87,0.0,0.0,0.0,0.0,0.0,0.0,0.0,0.0,0.0
0.0,0.0,0.0,0.0,0.0,0.0,0.02,0.08,0.0,0.0,0.0,0.75,0.0,0.0,0.0,0.0,0.15,0.0,0.0,0.0,0.0
0.0,0.0,0.0,0.0,0.0,0.0,0.05,0.5,0.0,0.0,0.0,0.21,0.0,0.0,0.0,0.0,0.29,0.0,0.0,0.0,0.0
0.0,0.0,0.0,0.0,0.0,0.0,0.13,1.0,0.0,0.0,0.0,0.0,0.0,0.04,0.0,0.0,0.0,0.0,0.0,0.0,0.0
0.0,0.0,0.0,0.0,0.0,0.0,0.0,1.0,0.0,0.0,0.0,0.0,0.0,0.0,0.0,0.0,0.0,0.0,0.0,0.0,0.0
0.0,0.0,0.0,0.0,0.0,0.0,0.07,0.56,0.0,0.0,0.0,0.0,0.0,0.0,0.0,0.0,0.0,0.0,0.0,0.44,0.02
0.0,0.0,0.0,0.0,0.0,0.0,0.01,0.0,0.0,0.0,0.0,0.03,0.0,0.0,0.0,0.0,0.0,0.0,0.0,0.97,0.0
0.0,0.0,0.0,0.0,0.24,0.0,0.0,0.09,0.0,0.0,0.0,0.0,0.0,0.0,0.17,0.0,0.0,0.07,0.0,0.11,0.0
0.0,0.0,0.0,0.0,0.07,0.0,0.0,0.18,0.0,0.0,0.0,0.0,0.0,0.0,0.01,0.0,0.0,0.04,0.0,0.0,0.0
0.0,0.0,0.0,0.04,0.07,0.0,0.0,0.1,0.0,0.0,0.0,0.0,0.0,0.0,0.05,0.0,0.0,0.0,0.0,0.0,0.0
0.0,0.0,0.0,0.03,0.19,0.0,0.03,0.41,0.0,0.0,0.0,0.0,0.0,0.0,0.18,0.0,0.0,0.0,0.0,0.01,0.0
0.0,0.0,0.0,0.0,0.0,0.0,0.0,0.91,0.0,0.0,0.0,0.0,0.0,0.0,0.09,0.0,0.0,0.0,0.0,0.0,0.0
0.0,0.0,0.0,0.0,0.0,0.0,0.0,0.7,0.0,0.0,0.0,0.0,0.0,0.0,0.05,0.0,0.0,0.25,0.0,0.0,0.0
0.0,0.0,0.0,0.0,0.01,0.0,0.0,0.07,0.0,0.0,0.0,0.0,0.0,0.0,0.0,0.0,0.07,0.78,0.0,0.0,0.0
0.0,0.0,0.0,0.0,0.0,0.0,0.0,0.1,0.0,0.0,0.0,0.0,0.0,0.03,0.12,0.0,0.02,0.5,0.0,0.0,0.0
0.0,0.0,0.0,0.0,0.11,0.0,0.0,0.97,0.0,0.0,0.0,0.0,0.0,0.0,0.03,0.0,0.0,0.0,0.0,0.0,0.0
0.0,0.0,0.0,0.0,0.41,0.0,0.02,0.57,0.0,0.0,0.0,0.0,0.0,0.0,0.0,0.0,0.0,0.0,0.0,0.0,0.0
0.0,0.0,0.0,0.0,0.08,0.0,0.09,0.0,0.0,0.0,0.0,0.0,0.0,0.0,0.31,0.0,0.32,0.0,0.0,0.2,0.0
0.0,0.0,0.0,0.0,0.12,0.0,0.0,0.03,0.0,0.0,0.0,0.0,0.0,0.0,0.63,0.0,0.0,0.0,0.0,0.0,0.0
0.0,0.0,0.0,0.0,0.51,0.0,0.0,0.02,0.47,0.0,0.0,0.0,0.0,0.0,0.0,0.0,0.0,0.0,0.0,0.0,0.0
0.0,0.0,0.0,0.0,0.86,0.0,0.0,0.03,0.1,0.0,0.0,0.0,0.0,0.0,0.0,0.0,0.0,0.0,0.0,0.0,0.01
0.0,0.0,0.0,0.0,0.12,0.0,0.0,0.23,0.0,0.0,0.0,0.0,0.0,0.0,0.0,0.0,0.0,0.0,0.0,0.0,0.0
0.0,0.0,0.0,0.0,0.07,0.0,0.0,0.14,0.0,0.0,0.0,0.0,0.0,0.0,0.0,0.0,0.35,0.0,0.0,0.0,0.03
0.0,0.0,0.0,0.0,0.12,0.0,0.16,0.0,0.02,0.0,0.0,0.0,0.0,0.37,0.0,0.0,0.18,0.0,0.0,0.15,0.0
0.0,0.0,0.0,0.0,0.01,0.0,0.01,0.04,0.51,0.0,0.0,0.0,0.0,0.39,0.0,0.0,0.03,0.0,0.0,0.0,0.04
0.0,0.0,0.0,0.0,0.03,0.0,0.0,0.82,0.18,0.0,0.0,0.0,0.0,0.0,0.04,0.0,0.0,0.0,0.0,0.0,0.0
0.0,0.0,0.0,0.0,0.04,0.0,0.0,0.92,0.0,0.0,0.0,0.0,0.0,0.0,0.0,0.0,0.0,0.07,0.0,0.0,0.0
0.0,0.0,0.0,0.0,0.25,0.0,0.0,0.48,0.0,0.0,0.0,0.0,0.0,0.0,0.0,0.0,0.0,0.3,0.0,0.0,0.0
0.0,0.0,0.0,0.0,0.0,0.0,0.0,1.0,0.0,0.0,0.0,0.0,0.0,0.0,0.0,0.0,0.0,0.06,0.0,0.0,0.0
0.0,0.0,0.0,0.0,0.26,0.0,0.0,0.03,0.0,0.0,0.0,0.0,0.0,0.0,0.0,0.0,0.0,0.08,0.0,0.0,0.0
0.0,0.0,0.0,0.0,0.0,0.0,0.0,0.21,0.0,0.0,0.0,0.0,0.0,0.0,0.0,0.0,0.0,0.12,0.0,0.0,0.0
0.0,0.0,0.0,0.0,0.0,0.0,0.0,0.6,0.0,0.0,0.0,0.0,0.0,0.0,0.0,0.0,0.0,0.0,0.0,0.0,0.0
0.0,0.0,0.0,0.0,0.04,0.0,0.07,0.26,0.0,0.0,0.0,0.0,0.0,0.0,0.17,0.0,0.03,0.0,0.0,0.0,0.0
0.0,0.0,0.0,0.0,0.0,0.0,0.08,0.19,0.0,0.0,0.0,0.0,0.0,0.0,0.0,0.0,0.25,0.0,0.0,0.0,0.02
0.0,0.0,0.0,0.0,0.0,0.0,0.0,0.51,0.0,0.0,0.0,0.0,0.0,0.0,0.0,0.0,0.0,0.07,0.0,0.0,0.0
0.0,0.0,0.0,0.0,0.09,0.0,0.0,0.06,0.0,0.0,0.0,0.0,0.0,0.0,0.0,0.0,0.0,0.11,0.0,0.0,0.0
0.0,0.0,0.0,0.0,0.3,0.0,0.0,0.09,0.0,0.0,0.0,0.0,0.0,0.0,0.0,0.0,0.0,0.13,0.0,0.0,0.0
0.0,0.0,0.0,0.0,0.07,0.0,0.0,0.21,0.0,0.0,0.0,0.0,0.0,0.0,0.0,0.0,0.0,0.05,0.0,0.0,0.0
0.0,0.0,0.0,0.0,0.04,0.0,0.02,0.08,0.09,0.0,0.0,0.0,0.0,0.0,0.0,0.0,0.41,0.0,0.0,0.0,0.0
0.0,0.0,0.0,0.0,0.29,0.0,0.0,0.73,0.0,0.0,0.0,0.0,0.0,0.0,0.0,0.0,1.0,0.01,0.0,0.0,0.0
0.0,0.0,0.17,0.0,0.41,0.0,0.0,0.26,0.0,0.0,0.0,0.0,0.0,0.0,0.03,0.0,0.56,0.0,0.0,0.0,0.0
0.0,0.0,0.13,0.0,0.0,0.0,0.0,0.0,0.0,0.0,0.0,0.0,0.0,0.0,0.0,0.0,0.0,0.0,0.0,0.0,0.0
0.0,0.0,0.0,0.0,0.0,0.0,0.0,0.0,0.0,0.0,0.0,0.0,0.0,0.0,0.0,0.0,0.0,0.0,0.0,0.0,0.0
0.0,0.0,0.0,0.0,0.0,0.0,0.0,0.0,0.0,0.0,0.0,0.0,0.0,0.0,0.0,0.0,0.0,0.0,0.0,0.0,0.0
0.0,0.0,0.0,0.0,0.0,0.0,0.0,0.0,0.0,0.0,0.0,0.0,0.0,0.0,0.0,0.0,0.0,0.0,0.0,0.0,0.0
0.0,0.0,0.0,0.0,0.0,0.0,0.0,0.0,0.0,0.0,0.0,0.0,0.0,0.0,0.0,0.0,0.0,0.0,0.0,0.0,0.0
0.0,0.98,0.0,0.0,0.0,0.0,0.02,0.0,0.0,0.0,0.0,0.0,0.0,0.0,0.0,0.0,0.0,0.0,0.0,0.0,0.0
0.0,0.33,0.0,0.0,0.0,0.0,0.19,0.48,0.0,0.0,0.0,0.0,0.0,0.0,0.0,0.0,0.0,0.0,0.0,0.01,0.0
0.0,0.0,0.0,0.0,0.09,0.0,0.2,0.48,0.0,0.05,0.0,0.04,0.0,0.0,0.0,0.0,0.01,0.13,0.0,0.0,0.0
0.0,0.0,0.0,0.0,0.02,0.0,0.0,0.22,0.0,0.0,0.0,0.38,0.0,0.0,0.0,0.0,0.19,0.19,0.0,0.0,0.0
0.0,0.0,0.0,0.0,0.0,0.0,0.0,0.7,0.0,0.0,0.0,0.15,0.0,0.04,0.0,0.0,0.15,0.0,0.0,0.0,0.0
0.0,0.0,0.0,0.0,0.0,0.0,0.0,0.97,0.0,0.0,0.0,0.0,0.0,0.0,0.02,0.0,0.03,0.1,0.0,0.0,0.0
0.0,0.0,0.0,0.0,0.0,0.0,0.19,1.0,0.0,0.0,0.0,0.0,0.0,0.0,0.0,0.0,0.0,0.0,0.0,0.0,0.0
0.0,0.0,0.0,0.0,0.0,0.0,0.69,1.0,0.0,0.0,0.0,0.0,0.0,0.0,0.0,0.0,0.0,0.0,0.0,0.08,0.0
0.0,0.0,0.0,0.0,0.0,0.0,0.01,0.96,0.0,0.0,0.0,0.0,0.0,0.04,0.0,0.0,0.0,0.0,0.0,0.0,0.0
0.0,0.0,0.0,0.0,0.02,0.0,0.0,0.54,0.0,0.0,0.0,0.0,0.0,0.0,0.0,0.0,0.0,0.02,0.0,0.07,0.0
0.0,0.0,0.0,0.0,0.19,0.0,0.01,0.19,0.0,0.0,0.0,0.0,0.0,0.0,0.18,0.0,0.0,0.0,0.0,0.42,0.0
0.0,0.0,0.0,0.0,0.52,0.0,0.0,0.01,0.0,0.0,0.0,0.0,0.0,0.0,0.0,0.0,0.0,0.02,0.0,0.01,0.0
0.0,0.0,0.0,0.0,0.08,0.0,0.0,0.18,0.0,0.0,0.0,0.0,0.0,0.0,0.0,0.0,0.0,0.05,0.0,0.0,0.0
0.0,0.0,0.0,0.0,0.03,0.0,0.0,0.23,0.0,0.0,0.0,0.0,0.0,0.0,0.29,0.0,0.0,0.1,0.0,0.0,0.0
0.0,0.0,0.0,0.0,0.04,0.0,0.0,0.37,0.0,0.0,0.0,0.0,0.0,0.0,0.24,0.0,0.0,0.0,0.0,0.03,0.0
0.0,0.0,0.0,0.0,0.01,0.0,0.0,0.91,0.0,0.0,0.0,0.0,0.0,0.0,0.08,0.0,0.0,0.0,0.0,0.0,0.0
0.0,0.0,0.0,0.0,0.09,0.0,0.0,0.01,0.0,0.0,0.0,0.0,0.0,0.0,0.0,0.0,0.0,0.01,0.0,0.0,0.0
0.0,0.0,0.0,0.0,0.12,0.0,0.0,0.35,0.0,0.0,0.0,0.0,0.0,0.0,0.0,0.0,0.06,0.0,0.0,0.0,0.0
0.0,0.0,0.0,0.0,0.0,0.0,0.0,0.63,0.0,0.0,0.0,0.0,0.0,0.14,0.02,0.0,0.0,0.08,0.0,0.0,0.0
0.0,0.0,0.0,0.0,0.11,0.0,0.02,0.16,0.0,0.0,0.0,0.0,0.0,0.0,0.0,0.0,0.0,0.11,0.0,0.0,0.0
0.0,0.0,0.0,0.0,0.6,0.0,0.08,0.09,0.0,0.0,0.0,0.0,0.0,0.0,0.0,0.0,0.15,0.0,0.07,0.0,0.01
0.0,0.0,0.0,0.0,0.0,0.0,0.19,0.02,0.0,0.0,0.0,0.0,0.0,0.12,0.31,0.0,0.29,0.04,0.0,0.15,0.0
0.0,0.0,0.0,0.0,0.03,0.0,0.0,0.23,0.0,0.0,0.0,0.0,0.0,0.0,0.07,0.0,0.0,0.14,0.0,0.0,0.0
0.0,0.0,0.0,0.0,0.0,0.0,0.0,0.22,0.56,0.0,0.0,0.0,0.0,0.0,0.0,0.0,0.11,0.0,0.0,0.0,0.0
0.0,0.0,0.0,0.0,0.12,0.0,0.0,0.13,0.08,0.0,0.0,0.0,0.0,0.0,0.0,0.0,0.35,0.01,0.0,0.0,0.0
0.0,0.0,0.0,0.0,0.0,0.0,0.0,0.31,0.04,0.0,0.0,0.0,0.0,0.0,0.07,0.0,0.0,0.05,0.0,0.0,0.0
0.0,0.0,0.0,0.0,0.13,0.0,0.03,0.4,0.0,0.0,0.0,0.0,0.0,0.0,0.02,0.0,0.44,0.0,0.0,0.0,0.04
0.0,0.0,0.0,0.0,0.0,0.0,0.12,0.0,0.0,0.0,0.0,0.0,0.0,0.13,0.0,0.0,0.26,0.0,0.0,0.36,0.03
0.0,0.0,0.0,0.0,0.15,0.0,0.0,0.35,0.0,0.0,0.0,0.0,0.0,0.46,0.01,0.0,0.0,0.0,0.0,0.0,0.0
0.0,0.0,0.0,0.0,0.13,0.0,0.0,1.0,0.0,0.0,0.0,0.0,0.0,0.0,0.0,0.0,0.0,0.0,0.0,0.0,0.0
0.0,0.0,0.0,0.0,0.0,0.0,0.0,1.0,0.0,0.0,0.0,0.0,0.0,0.0,0.06,0.0,0.0,0.0,0.0,0.0,0.0
0.0,0.0,0.0,0.0,0.11,0.0,0.0,1.0,0.0,0.0,0.0,0.0,0.0,0.0,0.0,0.0,0.0,0.14,0.0,0.0,0.0
0.0,0.0,0.0,0.0,0.03,0.0,0.0,1.0,0.0,0.0,0.0,0.0,0.0,0.0,0.0,0.0,0.0,0.13,0.0,0.0,0.0
0.0,0.0,0.0,0.0,0.09,0.0,0.0,0.23,0.0,0.0,0.0,0.0,0.0,0.0,0.0,0.0,0.0,0.1,0.0,0.0,0.0
0.0,0.0,0.0,0.0,0.0,0.0,0.0,0.46,0.0,0.0,0.0,0.0,0.0,0.0,0.0,0.0,0.0,0.06,0.0,0.0,0.0
0.0,0.0,0.0,0.0,0.01,0.0,0.0,0.66,0.0,0.0,0.0,0.0,0.0,0.0,0.0,0.0,0.0,0.0,0.0,0.0,0.0
0.0,0.0,0.0,0.0,0.19,0.0,0.0,0.52,0.01,0.0,0.0,0.0,0.0,0.0,0.0,0.0,0.08,0.01,0.0,0.0,0.0
0.0,0.0,0.0,0.0,0.0,0.0,0.0,0.26,0.0,0.0,0.0,0.0,0.0,0.0,0.0,0.01,0.0,0.0,0.0,0.0,0.0
0.0,0.0,0.0,0.0,0.02,0.0,0.0,0.01,0.0,0.0,0.0,0.0,0.0,0.0,0.0,0.0,0.0,0.0,0.0,0.0,0.0
0.0,0.0,0.0,0.0,0.01,0.0,0.0,0.05,0.0,0.0,0.0,0.0,0.0,0.0,0.25,0.0,0.0,0.0,0.0,0.0,0.0
0.0,0.0,0.0,0.0,0.37,0.0,0.0,0.02,0.0,0.0,0.0,0.0,0.0,0.0,0.03,0.0,0.0,0.15,0.0,0.0,0.0
0.0,0.0,0.0,0.0,0.0,0.0,0.0,0.1,0.0,0.0,0.0,0.0,0.0,0.0,0.03,0.0,0.0,0.31,0.0,0.0,0.0
0.0,0.0,0.0,0.0,0.03,0.0,0.0,0.13,0.54,0.0,0.0,0.0,0.0,0.0,0.06,0.0,0.0,0.0,0.0,0.0,0.0
0.0,0.0,0.0,0.0,0.27,0.0,0.0,0.05,0.29,0.0,0.0,0.0,0.0,0.0,0.25,0.0,0.46,0.0,0.0,0.0,0.0
0.0,0.0,0.01,0.0,0.4,0.0,0.0,0.22,0.0,0.0,0.0,0.0,0.0,0.0,0.18,0.0,0.58,0.0,0.0,0.0,0.0
0.0,0.0,0.32,0.0,0.0,0.0,0.0,0.0,0.0,0.0,0.0,0.0,0.0,0.0,0.01,0.0,0.0,0.0,0.0,0.0,0.0
0.0,0.0,0.0,0.0,0.0,0.0,0.0,0.0,0.0,0.0,0.0,0.0,0.0,0.0,0.0,0.0,0.0,0.0,0.0,0.0,0.0
0.0,0.0,0.0,0.0,0.0,0.0,0.0,0.0,0.0,0.0,0.0,0.0,0.0,0.0,0.0,0.0,0.0,0.0,0.0,0.0,0.0
0.0,0.0,0.0,0.0,0.0,0.0,0.0,0.0,0.0,0.0,0.0,0.0,0.0,0.0,0.0,0.0,0.0,0.0,0.0,0.0,0.0
0.0,0.0,0.0,0.0,0.0,0.0,0.0,0.0,0.0,0.0,0.0,0.0,0.0,0.0,0.0,0.0,0.0,0.0,0.0,0.0,0.0
0.0,0.78,0.0,0.0,0.0,0.0,0.11,0.11,0.0,0.0,0.0,0.0,0.0,0.0,0.0,0.0,0.0,0.0,0.0,0.0,0.0
0.0,0.11,0.0,0.0,0.0,0.0,0.12,0.67,0.0,0.0,0.0,0.0,0.0,0.0,0.0,0.0,0.1,0.0,0.0,0.0,0.02
0.0,0.0,0.0,0.0,0.0,0.0,0.0,0.66,0.0,0.01,0.0,0.0,0.0,0.0,0.0,0.0,0.32,0.01,0.0,0.0,0.0
0.0,0.0,0.0,0.0,0.0,0.0,0.0,0.87,0.0,0.0,0.0,0.0,0.0,0.0,0.0,0.0,0.01,0.12,0.0,0.0,0.0
0.0,0.0,0.0,0.0,0.0,0.0,0.0,1.0,0.0,0.0,0.0,0.0,0.0,0.02,0.0,0.0,0.0,0.08,0.0,0.0,0.0
0.0,0.0,0.0,0.0,0.0,0.0,0.0,1.0,0.0,0.0,0.0,0.0,0.0,0.0,0.37,0.0,0.0,0.01,0.0,0.0,0.0
0.0,0.0,0.0,0.0,0.0,0.0,0.0,0.78,0.0,0.0,0.0,0.0,0.0,0.0,0.01,0.0,0.0,0.0,0.0,0.0,0.0
0.0,0.0,0.0,0.0,0.0,0.0,0.01,0.89,0.0,0.0,0.0,0.0,0.0,0.0,0.0,0.0,0.0,0.0,0.0,0.0,0.0
0.0,0.0,0.0,0.0,0.0,0.0,0.0,0.68,0.0,0.0,0.0,0.0,0.0,0.0,0.0,0.0,0.0,0.0,0.0,0.0,0.0
0.0,0.0,0.0,0.01,0.02,0.0,0.0,0.26,0.0,0.0,0.0,0.04,0.0,0.0,0.0,0.0,0.0,0.24,0.0,0.0,0.0
0.0,0.0,0.0,0.05,0.33,0.0,0.04,0.1,0.0,0.0,0.0,0.0,0.0,0.0,0.11,0.0,0.0,0.01,0.0,0.0,0.0
0.0,0.0,0.0,0.0,0.35,0.0,0.0,0.65,0.0,0.0,0.0,0.0,0.0,0.0,0.0,0.0,0.0,0.0,0.0,0.0,0.0
0.0,0.0,0.0,0.0,0.0,0.0,0.0,0.29,0.0,0.0,0.0,0.0,0.0,0.0,0.0,0.0,0.0,0.0,0.0,0.0,0.0
0.0,0.0,0.0,0.0,0.02,0.03,0.0,0.5,0.0,0.0,0.0,0.0,0.0,0.01,0.0,0.08,0.0,0.0,0.0,0.04,0.0
0.0,0.0,0.0,0.0,0.01,0.02,0.0,0.23,0.0,0.0,0.0,0.0,0.0,0.06,0.19,0.1,0.0,0.02,0.0,0.09,0.0
0.0,0.0,0.0,0.0,0.05,0.0,0.0,0.72,0.03,0.0,0.0,0.0,0.0,0.0,0.06,0.1,0.0,0.06,0.0,0.0,0.0
0.0,0.0,0.0,0.0,0.0,0.0,0.0,0.89,0.04,0.0,0.0,0.0,0.0,0.0,0.0,0.0,0.03,0.04,0.0,0.0,0.0
0.0,0.0,0.0,0.0,0.04,0.0,0.0,1.0,0.0,0.0,0.0,0.0,0.0,0.0,0.0,0.0,0.0,0.0,0.0,0.0,0.0
0.0,0.0,0.0,0.0,0.0,0.0,0.0,0.49,0.0,0.0,0.0,0.0,0.0,0.0,0.18,0.0,0.0,0.0,0.0,0.0,0.0
0.0,0.0,0.0,0.0,0.66,0.0,0.0,0.04,0.0,0.0,0.0,0.0,0.0,0.0,0.0,0.0,0.03,0.0,0.0,0.0,0.0
0.0,0.0,0.0,0.0,0.42,0.0,0.25,0.0,0.0,0.0,0.0,0.0,0.0,0.01,0.0,0.0,0.28,0.0,0.0,0.05,0.0
0.0,0.0,0.0,0.0,0.04,0.0,0.07,0.11,0.0,0.0,0.04,0.0,0.0,0.03,0.01,0.0,0.08,0.0,0.0,0.19,0.0
0.0,0.0,0.0,0.0,0.0,0.0,0.0,0.71,0.0,0.0,0.0,0.0,0.0,0.0,0.01,0.0,0.0,0.0,0.0,0.0,0.0
0.0,0.0,0.0,0.0,0.0,0.0,0.0,0.77,0.15,0.0,0.0,0.0,0.0,0.0,0.0,0.0,0.01,0.0,0.0,0.0,0.0
0.0,0.0,0.0,0.0,0.0,0.0,0.01,0.16,0.24,0.0,0.0,0.0,0.0,0.0,0.0,0.0,0.51,0.0,0.0,0.0,0.0
0.0,0.0,0.0,0.0,0.05,0.0,0.12,0.07,0.46,0.0,0.0,0.0,0.0,0.25,0.0,0.0,0.05,0.0,0.0,0.0,0.0
0.0,0.0,0.0,0.0,0.02,0.0,0.01,0.0,0.71,0.0,0.0,0.0,0.0,0.0,0.0,0.0,0.24,0.0,0.0,0.02,0.0
0.0,0.0,0.0,0.0,0.07,0.0,0.0,0.01,0.38,0.0,0.0,0.0,0.0,0.12,0.0,0.0,0.28,0.0,0.0,0.13,0.01
0.0,0.0,0.0,0.0,0.06,0.0,0.03,0.01,0.03,0.0,0.0,0.0,0.0,0.01,0.1,0.0,0.0,0.17,0.0,0.0,0.0
0.0,0.0,0.0,0.0,0.1,0.0,0.0,1.0,0.0,0.0,0.0,0.0,0.0,0.0,0.0,0.03,0.0,0.03,0.0,0.0,0.0
0.0,0.0,0.0,0.0,0.0,0.0,0.0,1.0,0.0,0.0,0.0,0.0,0.0,0.0,0.01,0.0,0.0,0.0,0.0,0.0,0.0
0.0,0.0,0.0,0.0,0.02,0.0,0.0,1.0,0.0,0.0,0.0,0.0,0.0,0.0,0.0,0.0,0.0,0.04,0.0,0.0,0.0
0.0,0.0,0.0,0.0,0.28,0.0,0.0,0.82,0.0,0.0,0.0,0.0,0.0,0.0,0.0,0.0,0.0,0.0,0.0,0.0,0.0
0.0,0.0,0.0,0.0,0.16,0.0,0.0,0.01,0.0,0.0,0.0,0.0,0.0,0.0,0.44,0.0,0.0,0.08,0.0,0.0,0.0
0.0,0.0,0.0,0.0,0.02,0.0,0.0,0.12,0.0,0.0,0.0,0.0,0.0,0.0,0.0,0.0,0.0,0.0,0.0,0.0,0.0
0.0,0.0,0.0,0.03,0.0,0.0,0.0,0.42,0.0,0.0,0.0,0.0,0.0,0.0,0.0,0.0,0.0,0.06,0.0,0.0,0.0
0.0,0.0,0.0,0.0,0.0,0.0,0.0,0.56,0.0,0.0,0.0,0.0,0.0,0.0,0.0,0.0,0.12,0.0,0.0,0.0,0.0
0.0,0.0,0.0,0.0,0.0,0.0,0.0,0.36,0.0,0.0,0.0,0.0,0.0,0.0,0.0,0.0,0.0,0.0,0.0,0.0,0.0
0.0,0.0,0.0,0.0,0.0,0.0,0.0,0.25,0.0,0.0,0.0,0.0,0.0,0.0,0.0,0.0,0.0,0.07,0.0,0.0,0.0
0.0,0.0,0.0,0.0,0.0,0.0,0.0,0.34,0.0,0.0,0.0,0.0,0.0,0.0,0.01,0.0,0.0,0.06,0.0,0.0,0.0
0.0,0.0,0.0,0.0,0.17,0.0,0.0,0.21,0.0,0.0,0.0,0.0,0.0,0.0,0.0,0.0,0.0,0.0,0.0,0.0,0.0
0.0,0.0,0.0,0.0,0.01,0.0,0.0,0.03,0.0,0.0,0.0,0.0,0.0,0.0,0.2,0.0,0.0,0.07,0.0,0.0,0.0
0.0,0.0,0.0,0.0,0.11,0.0,0.05,0.04,0.4,0.0,0.0,0.0,0.0,0.0,0.18,0.0,0.0,0.0,0.0,0.03,0.18
0.0,0.0,0.0,0.0,0.0,0.0,0.0,0.01,0.24,0.0,0.0,0.0,0.0,0.09,0.21,0.0,0.08,0.0,0.0,0.07,0.3
0.0,0.0,0.0,0.0,0.01,0.0,0.0,0.04,0.0,0.0,0.0,0.0,0.0,0.04,0.5,0.0,0.41,0.0,0.0,0.0,0.0
0.0,0.0,0.32,0.0,0.17,0.0,0.0,0.0,0.0,0.0,0.0,0.0,0.0,0.0,0.04,0.0,0.04,0.0,0.0,0.0,0.0
0.0,0.0,0.0,0.0,0.0,0.0,0.0,0.0,0.0,0.0,0.0,0.0,0.0,0.0,0.0,0.0,0.0,0.0,0.0,0.0,0.0
0.0,0.0,0.0,0.0,0.0,0.0,0.0,0.0,0.0,0.0,0.0,0.0,0.0,0.0,0.0,0.0,0.0,0.0,0.0,0.0,0.0
0.0,0.0,0.0,0.0,0.0,0.0,0.0,0.0,0.0,0.0,0.0,0.0,0.0,0.0,0.0,0.0,0.0,0.0,0.0,0.0,0.0
0.0,0.0,0.0,0.0,0.0,0.0,0.0,0.0,0.0,0.0,0.0,0.0,0.0,0.0,0.0,0.0,0.0,0.0,0.0,0.0,0.0
0.0,0.02,0.0,0.0,0.07,0.0,0.05,0.57,0.0,0.0,0.0,0.0,0.0,0.0,0.0,0.0,0.29,0.0,0.0,0.0,0.0
0.0,0.0,0.0,0.0,0.0,0.0,0.12,0.47,0.0,0.0,0.0,0.0,0.0,0.02,0.16,0.0,0.15,0.08,0.0,0.0,0.0
0.0,0.0,0.0,0.0,0.0,0.0,0.0,0.89,0.0,0.0,0.0,0.0,0.0,0.0,0.0,0.0,0.0,0.14,0.0,0.0,0.0
0.0,0.0,0.0,0.0,0.0,0.0,0.0,1.0,0.0,0.0,0.0,0.0,0.0,0.0,0.01,0.0,0.0,0.0,0.0,0.0,0.0
0.0,0.0,0.0,0.0,0.0,0.0,0.0,1.0,0.0,0.0,0.0,0.0,0.0,0.0,0.0,0.0,0.0,0.0,0.0,0.0,0.0
0.0,0.0,0.0,0.0,0.0,0.0,0.0,1.0,0.0,0.0,0.0,0.0,0.0,0.0,0.0,0.0,0.0,0.0,0.0,0.0,0.0
0.0,0.0,0.0,0.0,0.0,0.0,0.0,0.68,0.0,0.0,0.0,0.0,0.0,0.0,0.0,0.01,0.0,0.0,0.0,0.0,0.0
0.0,0.0,0.0,0.0,0.07,0.0,0.0,0.11,0.0,0.0,0.0,0.0,0.0,0.0,0.0,0.0,0.0,0.0,0.0,0.0,0.0
0.0,0.0,0.0,0.0,0.24,0.0,0.0,0.17,0.0,0.0,0.0,0.0,0.0,0.0,0.0,0.0,0.0,0.28,0.0,0.0,0.0
0.0,0.0,0.0,0.0,0.45,0.0,0.0,0.03,0.0,0.0,0.0,0.0,0.0,0.0,0.0,0.0,0.0,0.17,0.0,0.0,0.0
0.0,0.0,0.0,0.0,0.56,0.0,0.0,0.33,0.0,0.0,0.0,0.0,0.0,0.0,0.0,0.0,0.0,0.11,0.0,0.0,0.0
0.0,0.0,0.0,0.13,0.16,0.0,0.0,0.03,0.0,0.0,0.0,0.0,0.0,0.0,0.0,0.0,0.0,0.18,0.01,0.0,0.0
0.0,0.0,0.0,0.0,0.0,0.0,0.0,0.15,0.0,0.0,0.0,0.0,0.0,0.04,0.0,0.0,0.0,0.0,0.0,0.04,0.0
0.0,0.0,0.0,0.0,0.0,0.0,0.0,0.26,0.0,0.0,0.0,0.0,0.0,0.14,0.19,0.0,0.0,0.0,0.0,0.16,0.0
0.0,0.0,0.0,0.0,0.02,0.0,0.0,0.33,0.0,0.0,0.0,0.0,0.0,0.18,0.0,0.0,0.0,0.0,0.0,0.13,0.0
0.0,0.0,0.0,0.0,0.1,0.0,0.0,0.01,0.25,0.0,0.0,0.0,0.0,0.0,0.0,0.0,0.07,0.27,0.0,0.1,0.0
0.0,0.0,0.0,0.0,0.11,0.0,0.0,0.76,0.05,0.0,0.0,0.0,0.0,0.04,0.0,0.04,0.02,0.0,0.0,0.02,0.0
0.0,0.0,0.0,0.0,0.0,0.0,0.0,0.04,0.0,0.0,0.0,0.0,0.0,0.0,0.0,0.0,0.0,0.0,0.0,0.07,0.0
0.0,0.0,0.0,0.0,0.04,0.0,0.08,0.23,0.0,0.0,0.0,0.0,0.0,0.01,0.0,0.0,0.0,0.0,0.0,0.06,0.0
0.0,0.0,0.0,0.0,0.54,0.0,0.0,0.01,0.03,0.0,0.0,0.0,0.0,0.0,0.0,0.0,0.25,0.0,0.0,0.07,0.0
0.0,0.0,0.0,0.0,0.67,0.0,0.03,0.06,0.0,0.0,0.0,0.0,0.0,0.0,0.0,0.0,0.21,0.0,0.0,0.03,0.0
0.0,0.0,0.0,0.0,0.06,0.0,0.01,0.47,0.0,0.0,0.0,0.0,0.0,0.0,0.01,0.0,0.0,0.07,0.0,0.0,0.0
0.0,0.0,0.0,0.0,0.02,0.0,0.0,0.09,0.0,0.0,0.0,0.0,0.0,0.0,0.06,0.0,0.0,0.0,0.0,0.0,0.0
0.0,0.0,0.0,0.0,0.0,0.0,0.0,0.2,0.0,0.0,0.0,0.0,0.0,0.0,0.0,0.0,0.0,0.0,0.0,0.0,0.0
0.0,0.0,0.0,0.0,0.08,0.0,0.0,0.09,0.11,0.0,0.0,0.0,0.0,0.0,0.0,0.0,0.0,0.0,0.0,0.0,0.0
0.0,0.0,0.0,0.0,0.14,0.0,0.07,0.23,0.0,0.0,0.0,0.0,0.0,0.0,0.0,0.0,0.0,0.0,0.0,0.0,0.0
0.0,0.0,0.0,0.0,0.08,0.0,0.0,0.01,0.59,0.0,0.0,0.0,0.0,0.0,0.0,0.0,0.07,0.0,0.0,0.0,0.0
0.0,0.0,0.0,0.11,0.07,0.0,0.0,0.12,0.57,0.0,0.0,0.0,0.0,0.0,0.0,0.0,0.0,0.0,0.0,0.12,0.0
0.0,0.0,0.0,0.0,0.02,0.0,0.0,0.26,0.0,0.0,0.0,0.0,0.0,0.0,0.0,0.0,0.0,0.0,0.0,0.0,0.0
0.0,0.0,0.0,0.0,0.02,0.0,0.0,0.25,0.0,0.0,0.0,0.0,0.0,0.0,0.0,0.0,0.0,0.0,0.0,0.0,0.0
0.0,0.0,0.0,0.0,0.01,0.0,0.0,0.19,0.0,0.0,0.0,0.0,0.0,0.0,0.0,0.0,0.0,0.0,0.0,0.0,0.0
0.0,0.0,0.0,0.0,0.03,0.0,0.0,1.0,0.0,0.0,0.0,0.0,0.0,0.0,0.0,0.04,0.0,0.01,0.0,0.0,0.0
0.0,0.0,0.0,0.0,0.19,0.0,0.0,0.73,0.0,0.0,0.0,0.0,0.0,0.0,0.0,0.0,0.0,0.08,0.0,0.0,0.0
0.0,0.0,0.0,0.03,0.0,0.0,0.0,0.97,0.0,0.0,0.0,0.0,0.0,0.0,0.0,0.0,0.0,0.08,0.0,0.0,0.0
0.0,0.0,0.0,0.51,0.0,0.0,0.0,0.13,0.0,0.0,0.0,0.0,0.0,0.0,0.0,0.0,0.0,0.0,0.0,0.0,0.0
0.0,0.0,0.0,0.81,0.12,0.0,0.0,0.07,0.0,0.0,0.0,0.0,0.0,0.0,0.0,0.0,0.0,0.0,0.0,0.0,0.0
0.0,0.0,0.0,0.07,0.03,0.0,0.0,0.45,0.0,0.0,0.0,0.0,0.0,0.0,0.0,0.0,0.14,0.0,0.0,0.0,0.0
0.0,0.0,0.0,0.0,0.0,0.0,0.0,0.2,0.0,0.0,0.0,0.0,0.0,0.0,0.0,0.0,0.0,0.0,0.0,0.0,0.0
0.0,0.0,0.0,0.0,0.0,0.0,0.0,0.08,0.0,0.0,0.0,0.0,0.0,0.15,0.0,0.0,0.0,0.0,0.0,0.0,0.0
0.0,0.0,0.0,0.0,0.0,0.0,0.0,0.3,0.0,0.0,0.0,0.0,0.0,0.0,0.0,0.0,0.0,0.0,0.0,0.0,0.0
0.0,0.0,0.0,0.0,0.02,0.0,0.03,0.41,0.0,0.0,0.0,0.0,0.0,0.0,0.0,0.0,0.0,0.17,0.0,0.0,0.0
0.0,0.0,0.0,0.0,0.34,0.0,0.0,0.02,0.0,0.0,0.0,0.0,0.0,0.0,0.06,0.0,0.0,0.0,0.0,0.0,0.0
0.0,0.0,0.0,0.0,0.09,0.0,0.0,0.14,0.0,0.0,0.0,0.0,0.0,0.0,0.0,0.0,0.0,0.01,0.0,0.0,0.05
0.0,0.0,0.0,0.0,0.0,0.0,0.0,0.16,0.0,0.0,0.0,0.0,0.0,0.0,0.05,0.0,0.04,0.02,0.0,0.02,0.2
0.0,0.0,0.0,0.0,0.0,0.0,0.0,0.31,0.0,0.0,0.0,0.0,0.0,0.05,0.01,0.0,0.14,0.0,0.0,0.0,0.04
0.0,0.0,0.28,0.0,0.0,0.0,0.0,0.03,0.0,0.0,0.0,0.0,0.0,0.05,0.16,0.0,0.24,0.0,0.0,0.0,0.0
0.0,0.0,0.0,0.0,0.0,0.0,0.0,0.0,0.0,0.0,0.0,0.0,0.0,0.0,0.0,0.0,0.0,0.0,0.0,0.0,0.0
0.0,0.0,0.0,0.0,0.0,0.0,0.0,0.0,0.0,0.0,0.0,0.0,0.0,0.0,0.0,0.0,0.0,0.0,0.0,0.0,0.0
0.0,0.0,0.0,0.0,0.0,0.0,0.0,0.0,0.0,0.0,0.0,0.0,0.0,0.0,0.0,0.0,0.0,0.0,0.0,0.0,0.0
0.0,0.0,0.0,0.0,0.0,0.0,0.0,0.0,0.0,0.0,0.0,0.0,0.0,0.0,0.0,0.0,0.0,0.0,0.0,0.0,0.0
0.0,0.0,0.0,0.0,0.17,0.0,0.43,0.25,0.0,0.15,0.0,0.0,0.0,0.0,0.0,0.0,0.0,0.0,0.0,0.0,0.02
0.0,0.0,0.0,0.0,0.0,0.0,0.02,0.98,0.0,0.0,0.0,0.0,0.0,0.0,0.0,0.0,0.0,0.0,0.0,0.0,0.0
0.0,0.0,0.0,0.0,0.0,0.0,0.0,1.0,0.0,0.0,0.0,0.0,0.0,0.0,0.0,0.0,0.0,0.01,0.0,0.0,0.0
0.0,0.0,0.0,0.0,0.0,0.0,0.0,0.89,0.0,0.0,0.0,0.0,0.0,0.0,0.14,0.0,0.0,0.0,0.0,0.0,0.0
0.0,0.0,0.0,0.0,0.0,0.0,0.0,0.9,0.0,0.0,0.0,0.0,0.0,0.0,0.0,0.0,0.0,0.0,0.0,0.0,0.0
0.0,0.0,0.0,0.0,0.0,0.0,0.13,0.8,0.0,0.0,0.0,0.0,0.0,0.0,0.0,0.0,0.0,0.01,0.0,0.0,0.0
0.0,0.0,0.0,0.0,0.13,0.0,0.0,0.43,0.0,0.0,0.0,0.0,0.0,0.0,0.02,0.0,0.0,0.03,0.0,0.0,0.0
0.0,0.0,0.0,0.0,0.71,0.0,0.0,0.24,0.0,0.0,0.0,0.0,0.0,0.0,0.05,0.0,0.0,0.0,0.0,0.0,0.0
0.0,0.0,0.0,0.0,0.29,0.0,0.0,0.08,0.0,0.0,0.0,0.0,0.0,0.0,0.08,0.28,0.0,0.17,0.0,0.0,0.0
0.0,0.0,0.0,0.0,0.4,0.0,0.0,0.3,0.0,0.0,0.0,0.0,0.0,0.0,0.1,0.0,0.0,0.0,0.0,0.0,0.0
0.0,0.0,0.0,0.23,0.23,0.0,0.0,0.01,0.0,0.0,0.0,0.0,0.0,0.0,0.16,0.0,0.0,0.0,0.01,0.0,0.0
0.0,0.0,0.0,0.65,0.02,0.0,0.0,0.02,0.0,0.0,0.0,0.0,0.0,0.0,0.0,0.0,0.0,0.0,0.01,0.0,0.0
0.0,0.0,0.0,0.0,0.01,0.0,0.0,0.12,0.0,0.0,0.0,0.0,0.0,0.25,0.06,0.0,0.0,0.0,0.0,0.06,0.0
0.0,0.0,0.0,0.0,0.01,0.0,0.0,0.2,0.0,0.0,0.0,0.0,0.0,0.0,0.0,0.0,0.0,0.0,0.0,0.0,0.0
0.0,0.0,0.0,0.0,0.1,0.0,0.0,0.08,0.0,0.0,0.0,0.0,0.0,0.0,0.0,0.0,0.03,0.01,0.0,0.0,0.0
0.0,0.0,0.0,0.0,0.27,0.0,0.0,0.18,0.0,0.0,0.0,0.0,0.0,0.0,0.0,0.0,0.03,0.03,0.0,0.05,0.0
0.0,0.0,0.0,0.0,0.0,0.0,0.11,0.28,0.0,0.0,0.0,0.0,0.0,0.06,0.25,0.0,0.0,0.0,0.0,0.13,0.0
0.0,0.0,0.0,0.0,0.0,0.0,0.08,0.37,0.0,0.0,0.0,0.0,0.0,0.01,0.38,0.0,0.0,0.08,0.0,0.08,0.0
0.0,0.0,0.0,0.0,0.26,0.0,0.11,0.09,0.0,0.0,0.0,0.0,0.0,0.0,0.01,0.0,0.0,0.39,0.0,0.1,0.0
0.0,0.0,0.0,0.0,0.42,0.0,0.03,0.07,0.0,0.0,0.0,0.0,0.0,0.0,0.0,0.0,0.0,0.21,0.0,0.07,0.0
0.0,0.0,0.0,0.04,0.34,0.0,0.0,0.17,0.0,0.0,0.0,0.0,0.0,0.0,0.0,0.0,0.3,0.0,0.0,0.0,0.0
0.0,0.0,0.0,0.0,0.12,0.0,0.0,0.21,0.0,0.0,0.0,0.0,0.0,0.0,0.0,0.0,0.07,0.01,0.0,0.0,0.0
0.0,0.0,0.0,0.0,0.0,0.0,0.0,0.25,0.0,0.0,0.0,0.0,0.0,0.0,0.01,0.0,0.0,0.05,0.0,0.0,0.0
0.0,0.0,0.0,0.0,0.0,0.0,0.0,0.2,0.0,0.0,0.0,0.0,0.0,0.0,0.18,0.0,0.0,0.0,0.0,0.0,0.0
0.0,0.0,0.0,0.0,0.0,0.0,0.0,0.05,0.0,0.0,0.0,0.0,0.0,0.0,0.15,0.0,0.0,0.0,0.0,0.0,0.0
0.0,0.0,0.0,0.0,0.08,0.0,0.0,0.13,0.0,0.0,0.0,0.0,0.0,0.0,0.05,0.0,0.0,0.05,0.0,0.0,0.0
0.0,0.0,0.0,0.0,0.11,0.0,0.0,0.1,0.32,0.0,0.0,0.0,0.0,0.0,0.0,0.0,0.08,0.0,0.0,0.0,0.0
0.0,0.0,0.0,0.02,0.0,0.0,0.0,0.01,0.8,0.0,0.0,0.0,0.0,0.0,0.04,0.0,0.0,0.0,0.0,0.07,0.0
0.0,0.0,0.0,0.0,0.16,0.0,0.0,0.03,0.01,0.0,0.0,0.0,0.0,0.0,0.08,0.0,0.0,0.0,0.0,0.0,0.0
0.0,0.0,0.0,0.0,0.05,0.0,0.0,0.1,0.0,0.0,0.0,0.0,0.0,0.0,0.0,0.0,0.0,0.03,0.0,0.0,0.0
0.0,0.0,0.0,0.0,0.0,0.0,0.0,0.59,0.0,0.0,0.0,0.0,0.0,0.0,0.0,0.0,0.0,0.0,0.0,0.0,0.0
0.0,0.0,0.0,0.0,0.05,0.0,0.0,0.04,0.0,0.0,0.0,0.0,0.0,0.0,0.0,0.0,0.0,0.0,0.0,0.0,0.0
0.0,0.0,0.0,0.0,0.05,0.0,0.0,0.95,0.0,0.0,0.0,0.0,0.0,0.0,0.0,0.0,0.0,0.01,0.0,0.0,0.0
0.0,0.0,0.0,0.03,0.0,0.0,0.0,0.97,0.0,0.0,0.0,0.0,0.0,0.0,0.01,0.0,0.0,0.12,0.0,0.0,0.0
0.0,0.0,0.0,0.96,0.0,0.0,0.0,0.04,0.0,0.0,0.0,0.0,0.0,0.0,0.0,0.0,0.0,0.0,0.0,0.0,0.0
0.0,0.0,0.0,1.0,0.0,0.0,0.0,0.0,0.0,0.0,0.0,0.0,0.0,0.0,0.0,0.0,0.0,0.0,0.0,0.0,0.0
0.0,0.0,0.0,0.37,0.0,0.0,0.0,0.22,0.01,0.0,0.0,0.0,0.0,0.0,0.0,0.0,0.12,0.0,0.0,0.0,0.0
0.0,0.0,0.0,0.0,0.0,0.0,0.0,0.04,0.0,0.0,0.0,0.0,0.0,0.0,0.0,0.0,0.0,0.0,0.0,0.0,0.0
0.0,0.0,0.0,0.0,0.0,0.0,0.0,0.12,0.0,0.0,0.0,0.0,0.0,0.0,0.0,0.0,0.0,0.33,0.0,0.0,0.0
0.0,0.0,0.0,0.0,0.0,0.0,0.0,0.43,0.0,0.0,0.0,0.0,0.0,0.0,0.0,0.0,0.0,0.02,0.0,0.0,0.0
0.0,0.0,0.0,0.0,0.0,0.0,0.0,0.12,0.0,0.0,0.0,0.0,0.0,0.0,0.0,0.0,0.0,0.0,0.0,0.0,0.0
0.0,0.0,0.0,0.0,0.16,0.0,0.0,0.16,0.0,0.0,0.0,0.0,0.0,0.0,0.0,0.0,0.0,0.0,0.0,0.0,0.0
0.0,0.0,0.0,0.0,0.1,0.0,0.0,0.4,0.0,0.0,0.0,0.0,0.0,0.0,0.0,0.0,0.0,0.11,0.0,0.0,0.0
0.0,0.0,0.0,0.0,0.24,0.0,0.0,0.1,0.0,0.0,0.0,0.0,0.0,0.0,0.0,0.0,0.0,0.06,0.0,0.0,0.0
0.0,0.0,0.0,0.0,0.18,0.0,0.03,0.24,0.0,0.0,0.0,0.0,0.0,0.06,0.0,0.0,0.05,0.01,0.0,0.0,0.01
0.0,0.0,0.4,0.0,0.05,0.0,0.0,0.1,0.0,0.0,0.0,0.0,0.0,0.04,0.11,0.0,0.04,0.0,0.0,0.0,0.01
0.0,0.0,0.19,0.0,0.0,0.0,0.0,0.0,0.0,0.0,0.0,0.0,0.0,0.0,0.0,0.0,0.0,0.0,0.0,0.0,0.0
0.0,0.0,0.0,0.0,0.0,0.0,0.0,0.0,0.0,0.0,0.0,0.0,0.0,0.0,0.0,0.0,0.0,0.0,0.0,0.0,0.0
0.0,0.0,0.0,0.0,0.0,0.0,0.0,0.0,0.0,0.0,0.0,0.0,0.0,0.0,0.0,0.0,0.0,0.0,0.0,0.0,0.0
0.0,0.0,0.0,0.0,0.0,0.0,0.0,0.0,0.0,0.0,0.0,0.0,0.0,0.0,0.0,0.0,0.0,0.0,0.0,0.0,0.0
